Run semi-empirical minimization
 &qmmm
    qm_theory='AM1', grms_tol=0.0005,
  scfconv=1.d-10,   qmcharge=0,
 /
   7    N1        2.9280       -0.9870        6.5170 
   7    N3       -1.1290       -3.2240       21.9190 
   6    C4        1.3100       -3.7980       10.0600 
   6    C5        0.5840       -4.4930       11.0730 
   6    C6       -0.1620       -5.6410       10.8280 
   6    C7       -0.8450       -6.2510       11.8660 
   6    C8       -0.7580       -5.7500       13.1510 
   6   C10        0.6510       -3.9710       12.3460 
   6   C13       -0.9380       -3.8660       16.9090 
   6   C15       -1.3280       -4.2080       19.2150 
   6   C17       -1.1570       -1.9670       18.3820 
   6   C20       -1.5710       -2.3360       20.8320 
   6   C21        0.3010       -3.0080       22.2200 
   6   C22        0.6500       -4.0100       23.2870 
   6   C24       -2.1180       -3.1550       23.0330 
   6   C81        5.3440       -1.4890        6.3130 
   6   C82        6.3430       -2.2080        6.8350 
   6   C83        5.9620       -3.0930        7.9470 
   7   N81        4.7760       -3.2550        8.4480 
   7   N82        3.8590       -2.4990        7.8560 
   6   C84        4.0460       -1.6050        6.8380 
   6    C1        1.9840       -1.5000        7.3660 
   6    C2        2.5460       -2.4440        8.1990 
   6    C3        1.9040       -3.2000        9.2090 
   6    C9       -0.0100       -4.6100       13.3690 
   6   C11       -0.2300       -6.2350        9.4570 
   6   C12        0.0990       -3.9680       14.6820 
   8    O1        0.9150       -3.0650       14.7990 
   7    N2       -0.7730       -4.4400       15.6350 
   6   C14       -1.1070       -4.7320       17.9640 
   6   C16       -1.3510       -2.8420       19.4390 
   6   C18       -0.9660       -2.4990       17.1180 
   6   C19       -1.1670       -0.4690       18.5630 
   9    F1       -0.9870        0.1800       17.3880 
   9    F2       -2.2980        0.0510       19.1430 
   9    F3       -0.1470       -0.0270       19.3390 
   6   C23       -1.6400       -3.9270       24.2580 
   6   C25        0.3200       -4.3240       25.6810 
   7    N4       -0.1920       -3.6560       24.4640 
   1    H7       -1.4500       -7.1240       11.6700 
   1    H8       -1.2650       -6.2410       13.9690 
   1   H10        1.2160       -3.0710       12.5380 
   1   H15       -1.4880       -4.8800       20.0450 
   1  H201       -1.0340       -1.3930       20.9330 
   1  H202       -2.6390       -2.1610       20.9580 
   1  H211        0.4630       -1.9930       22.5840 
   1  H212        0.9060       -3.1760       21.3290 
   1  H221        1.7080       -3.9410       23.5420 
   1  H222        0.4230       -5.0210       22.9480 
   1  H241       -3.0630       -3.5800       22.6940 
   1  H242       -2.2670       -2.1110       23.3090 
   1   H81        5.5350       -0.8190        5.4880 
   1   H82        7.3560       -2.1440        6.4670 
   1   H83        6.7560       -3.6710        8.3950 
   1    H1        0.9450       -1.2060        7.3810 
   1  H111        0.3610       -5.6300        8.7690 
   1  H112       -1.2670       -6.2570        9.1220 
   1  H113        0.1660       -7.2500        9.4810 
   1    H2       -1.3310       -5.2500       15.4060 
   1   H14       -1.0670       -5.8010       17.8130 
   1   H18       -0.8360       -1.8330       16.2780 
   1  H231       -1.7940       -4.9950       24.1010 
   1  H232       -2.2010       -3.6050       25.1350 
   1  H251        1.3810       -4.1030       25.7980 
   1  H252        0.1810       -5.4010       25.5900 
   1  H253       -0.2250       -3.9600       26.5520 

