#! FIELDS c file.free der_c
#! SET min_c -17.6777
#! SET max_c 522.535
#! SET nbins_c  307
#! SET periodic_c false
  -17.677700000 1016.277136067   -1.027098983
  -15.912299020 1012.957283129   -3.049433332
  -14.146898039 1003.850625914   -7.903176979
  -12.381497059  982.034860314  -17.839709583
  -10.616096078  936.554806431  -34.936312470
   -8.850695098  854.417163698  -59.027601362
   -7.085294118  726.649742419  -85.406031478
   -5.319893137  557.044719852 -104.591439607
   -3.554492157  367.731031225 -106.316140971
   -1.789091176  194.524559277  -86.525738412
   -0.023690196   70.994690001  -52.065139449
    1.741710784   10.514296364  -17.783733583
    3.507111765    0.000000000    2.991030476
    5.272512745   10.938228576    6.976495930
    7.037913725   18.820472351    1.237957327
    8.803314706   15.539309653   -4.244020772
   10.568715686    7.084596956   -4.389126522
   12.334116667    2.252336083   -0.805109952
   14.099517647    3.821320633    2.208020845
   15.864918627    8.260325456    2.365975444
   17.630319608   11.026832582    0.675024301
   19.395720588   10.882858483   -0.597527694
   21.161121569    9.923713138   -0.449554129
   22.926522549   10.146623582    0.724665263
   24.691923529   12.195706819    1.456845318
   26.457324510   14.712758021    1.235098889
   28.222725490   16.332178528    0.510209808
   29.988126471   16.845348913    0.046252294
   31.753527451   17.037307788    0.174446058
   33.518928431   17.761067611    0.601650005
   35.284329412   19.148283642    0.877425183
   37.049730392   20.746628447    0.825389281
   38.815131373   22.067539219    0.595062382
   40.580532353   23.007709707    0.411425148
   42.345933333   23.742945289    0.369291021
   44.111334314   24.475668907    0.398007032
   45.876735294   25.247657495    0.414102512
   47.642136275   26.029207452    0.410780435
   49.407537255   26.832258100    0.445924912
   51.172938235   27.761428835    0.543336238
   52.938339216   28.887195471    0.663408621
   54.703740196   30.193086918    0.742973494
   56.469141176   31.581763922    0.756917908
   58.234542157   32.951374274    0.723911474
   59.999943137   34.225349909    0.649793297
   61.765344118   35.331374022    0.522349422
   63.530745098   36.168254393    0.361670429
   65.296146078   36.719903983    0.203893226
   67.061547059   37.047259198    0.123632527
   68.826948039   37.329097837    0.149420063
   70.592349020   37.739631756    0.255724327
   72.357750000   38.372287835    0.395621779
   74.123150980   39.247513708    0.540656994
   75.888551961   40.393061082    0.690737641
   77.653952941   41.829695195    0.881535518
   79.419353922   43.628438145    1.089467066
   81.184754902   45.778135349    1.274332563
   82.950155882   48.198466765    1.393612908
   84.715556863   50.763136849    1.431441312
   86.480957843   53.335713954    1.409412831
   88.246358824   55.833550791    1.358691827
   90.011759804   58.239620826    1.301655370
   91.777160784   60.566701810    1.273384051
   93.542561765   62.868467802    1.277552557
   95.307962745   65.198955627    1.300234028
   97.073363725   67.586203314    1.338909684
   98.838764706   70.044661380    1.381337207
  100.604165686   72.567103101    1.403681864
  102.369566667   75.075184670    1.362797516
  104.134967647   77.412371733    1.198388435
  105.900368627   79.346423557    0.908599863
  107.665769608   80.675004697    0.520950313
  109.431170588   81.285992891    0.115987086
  111.196571569   81.234069367   -0.216529783
  112.961972549   80.728844237   -0.388357415
  114.727373529   80.083175074   -0.370882683
  116.492774510   79.602898765   -0.220390148
  118.258175490   79.431926949   -0.036668365
  120.023576471   79.547451509    0.094002430
  121.788977451   79.839231603    0.165322849
  123.554378431   80.231573148    0.222314640
  125.319779412   80.735111389    0.294067108
  127.085180392   81.372950796    0.363390220
  128.850581373   82.097421408    0.386596964
  130.615982353   82.808882778    0.350556583
  132.381383333   83.436033180    0.311330336
  134.146784314   84.050239418    0.334723360
  135.912185294   84.795760291    0.463110006
  137.677586275   85.825545272    0.643120907
  139.442987255   87.136890272    0.762437056
  141.208388235   88.547478416    0.748331657
  142.973789216   89.812443463    0.616073255
  144.739190196   90.817186382    0.466505589
  146.504591176   91.635250322    0.427113497
  148.269992157   92.527928207    0.550102595
  150.035393137   93.758861948    0.791772882
  151.800794118   95.442446151    1.045283940
  153.566195098   97.501191996    1.210945376
  155.331596078   99.733556263    1.229632466
  157.096997059  101.891176549    1.144332868
  158.862398039  103.862906363    1.037489525
  160.627799020  105.724342285    1.029300952
  162.393200000  107.702837316    1.179738590
  164.158600980  110.038770445    1.404950278
  165.924001961  112.714231883    1.531144345
  167.689402941  115.419683887    1.435692239
  169.454803922  117.787335005    1.177098815
  171.220204902  119.733152136    1.004740530
  172.985605882  121.636671586    1.154944530
  174.751006863  124.100934159    1.612017472
  176.516407843  127.463610697    2.112137453
  178.281808824  131.504627042    2.340787174
  180.047209804  135.600556827    2.181507697
  181.812610784  139.175598375    1.794956121
  183.578011765  142.089609622    1.472773828
  185.343412745  144.634190938    1.397517677
  187.108813725  147.263142219    1.549461897
  188.874214706  150.268606046    1.801441099
  190.639615686  153.703727151    2.024501248
  192.405016667  157.437931126    2.119048431
  194.170417647  161.188109926    2.039960950
  195.935818627  164.636301426    1.774751193
  197.701219608  167.489960362    1.393103930
  199.466620588  169.656126723    1.010697023
  201.232021569  171.220093656    0.725929802
  202.997422549  172.368717564    0.527816929
  204.762823529  173.196900339    0.346432053
  206.528224510  173.679722235    0.139983932
  208.293625490  173.794662494   -0.053601759
  210.059026471  173.638169023   -0.161728376
  211.824427451  173.396411362   -0.154604636
  213.589828431  173.236638307   -0.073664526
  215.355229412  173.230407607    0.005212231
  217.120630392  173.342776317    0.066765178
  218.886031373  173.569537334    0.147076741
  220.651432353  174.003440605    0.305428113
  222.416833333  174.811048599    0.570050306
  224.182234314  176.159710175    0.906382276
  225.947635294  178.086883207    1.201582515
  227.713036275  180.387587771    1.309861500
  229.478437255  182.629627201    1.122763307
  231.243838235  184.309493185    0.698212285
  233.009239216  185.169003824    0.240227900
  234.774640196  185.398466989    0.019647678
  236.540041176  185.580210121    0.202050839
  238.305442157  186.391041503    0.690019573
  240.070843137  188.112244758    1.171339970
  241.836244118  190.412027766    1.296572005
  243.601645098  192.494686858    0.937183984
  245.367046078  193.661288187    0.320465864
  247.132447059  193.833482118   -0.118618252
  248.897848039  193.638481663   -0.065913458
  250.663249020  193.949447447    0.410933281
  252.428650000  195.210012682    0.937736411
  254.194050980  197.171472148    1.166472553
  255.959451961  199.217388845    1.056220943
  257.724852941  200.927388573    0.825159525
  259.490253922  202.309984131    0.713520252
  261.255654902  203.626005497    0.735584768
  263.021055882  204.985416001    0.730074775
  264.786456863  206.197235683    0.567745745
  266.551857843  207.012747627    0.303393551
  268.317258824  207.421806754    0.143370876
  270.082659804  207.776771583    0.239713466
  271.848060784  208.502355893    0.547230649
  273.613461765  209.779528176    0.820477653
  275.378862745  211.347481563    0.861354831
  277.144263725  212.773301592    0.679116697
  278.909664706  213.852469795    0.517185033
  280.675065686  214.853824911    0.616264105
  282.440466667  216.307529761    1.015044883
  284.205867647  218.564325499    1.462208050
  285.971268627  221.395401344    1.623615037
  287.736669608  224.107926232    1.328009033
  289.502070588  226.006952348    0.754264687
  291.267471569  226.954904261    0.326930287
  293.032872549  227.548224364    0.383455672
  294.798273529  228.692147106    0.911840106
  296.563674510  230.918710880    1.537944440
  298.329075490  233.990652660    1.808155770
  300.094476471  237.072026642    1.548394339
  301.859877451  239.363601797    0.970185853
  303.625278431  240.660018631    0.499862943
  305.390679412  241.481700555    0.453681531
  307.156080392  242.633626024    0.859365017
  308.921481373  244.704699752    1.435792545
  310.686882353  247.674151544    1.826366480
  312.452283333  251.001019510    1.822433527
  314.217684314  254.014708595    1.502367971
  315.983085294  256.384467677    1.153264587
  317.748486275  258.332559592    1.060419588
  319.513887255  260.428776883    1.320218135
  321.279288235  263.194501856    1.770054548
  323.044689216  266.722724714    2.141489261
  324.810090196  270.666940388    2.219447698
  326.575491176  274.473151441    1.999492562
  328.340892157  277.753779858    1.664342359
  330.106293137  280.511554809    1.437173374
  331.871694118  283.057624280    1.435730343
  333.637095098  285.773771992    1.616042169
  335.402496078  288.872603795    1.841277923
  337.167897059  292.320304510    1.996539836
  338.933298039  295.946632926    2.038839014
  340.698699020  299.573456904    2.016580785
  342.464100000  303.153366204    1.998216548
  344.229500980  306.744007786    2.022275093
  345.994901961  310.408722122    2.085354086
  347.760302941  314.173398269    2.130616057
  349.525703922  317.998318032    2.154654003
  351.291104902  321.891867682    2.218225334
  353.056505882  325.976619479    2.372990467
  354.821906863  330.401718776    2.600858746
  356.587307843  335.216370401    2.790650905
  358.352708824  340.271490115    2.863821677
  360.118109804  345.342107362    2.818291100
  361.883510784  350.281350667    2.726460475
  363.648911765  355.080154731    2.673718428
  365.414312745  359.837108215    2.673089579
  367.179713725  364.621755577    2.698679753
  368.945114706  369.444971731    2.717734344
  370.710515686  374.308708346    2.755299104
  372.475916667  379.303409911    2.878055120
  374.241317647  384.620894676    3.110959539
  376.006718627  390.391718619    3.367740982
  377.772119608  396.500645379    3.472330585
  379.537520588  402.568028010    3.317379771
  381.302921569  408.202650401    3.016971607
  383.068322549  413.384686949    2.853963258
  384.833723529  418.582579056    3.060046948
  386.599124510  424.473637614    3.605230704
  388.364525490  431.421878912    4.192592823
  390.129926471  439.171442630    4.469629409
  391.895327451  447.003565321    4.291949972
  393.660728431  454.231866887    3.828976722
  395.426129412  460.639936505    3.425035574
  397.191530392  466.584368803    3.320023445
  398.956931373  472.629857668    3.530118316
  400.722332353  479.197824912    3.879424283
  402.487733333  486.370968444    4.186942507
  404.253134314  493.982691665    4.372791403
  406.018535294  501.801256689    4.416624105
  407.783936275  509.575766772    4.326205061
  409.549337255  517.089181436    4.132102256
  411.314738235  524.235548357    3.937698716
  413.080139216  531.156638300    3.907513897
  414.845540196  538.266867554    4.157369966
  416.610941176  546.039990972    4.628964939
  418.376342157  554.670308661    5.079440230
  420.141743137  563.873220190    5.247359697
  421.907144118  573.054463491    5.067067529
  423.672545098  581.743139142    4.741911160
  425.437946078  589.949640327    4.554315477
  427.203347059  598.059794653    4.636253752
  428.968748039  606.457428561    4.842550759
  430.734149020  615.136192120    4.919316442
  432.499550000  623.737287303    4.753050953
  434.264950980  631.919840218    4.491156858
  436.030351961  639.753936022    4.394738092
  437.795752941  647.696587570    4.616456361
  439.561153922  656.243535320    5.045317235
  441.326554902  665.516459737    5.389712267
  443.091955882  675.126017253    5.401173435
  444.857356863  684.430481266    5.063845091
  446.622757843  692.991036532    4.614445923
  448.388158824  700.900813019    4.369887009
  450.153559804  708.717313751    4.520695493
  451.918960784  717.107476316    4.989095674
  453.684361765  726.407569003    5.501087850
  455.449762745  736.434609778    5.772494730
  457.215163725  746.629046412    5.688275168
  458.980564706  756.419022803    5.345629783
  460.745965686  765.541739795    4.979809548
  462.511366667  774.171962191    4.817489822
  464.276767647  782.784734846    4.963445878
  466.042168627  791.884606380    5.347020057
  467.807569608  801.728705258    5.770325615
  469.572970588  812.208789402    6.038039095
  471.338371569  822.952016680    6.066770137
  473.103772549  833.565574723    5.914451222
  474.869173529  843.853353322    5.726444378
  476.634574510  853.886164123    5.641111380
  478.399975490  863.912026256    5.721117816
  480.165376471  874.198966242    5.925634423
  481.930777451  884.883648897    6.154338406
  483.696178431  895.922699426    6.315557436
  485.461579412  907.162058269    6.385130708
  487.226980392  918.473696061    6.406605765
  488.992381373  929.830883522    6.448610287
  490.757782353  941.292902777    6.522102184
  492.523183333  952.865161753    6.554831824
  494.288584314  964.369179196    6.425596583
  496.053985294  975.422182596    6.033649246
  497.819386275  985.532535618    5.362889749
  499.584787255  994.262323588    4.490965405
  501.350188235 1001.365869023    3.542824794
  503.115589216 1006.820982151    2.641880273
  504.880990196 1010.788801052    1.868885684
  506.646391176 1013.529290132    1.255643576
  508.411792157 1015.327621794    0.797108010
  510.177193137 1016.439801325    0.475783712
  511.942594118 1017.084134711    0.264265810
  513.707995098 1017.431063445    0.134377946
  515.473396078 1017.601498499    0.062220435
  517.238797059 1017.677390728    0.026081043
  519.004198039 1017.707901834    0.009814632
  520.769599020 1017.719297269    0.002967922
  522.535000000 1017.722596662    0.000833520
