#! FIELDS c file.free der_c
#! SET min_c -17.6777
#! SET max_c 1031.13
#! SET nbins_c  595
#! SET periodic_c false
  -17.677700000   -0.525989937   -0.374919821
  -15.912030471   -1.744225953   -1.121460100
  -14.146360943   -5.108145222   -2.927986493
  -12.380691414  -13.226206938   -6.661958897
  -10.615021886  -30.291504054  -13.162524070
   -8.849352357  -61.409779411  -22.467552207
   -7.083682828 -110.347156328  -32.889710331
   -5.318013300 -176.103513840  -40.800530192
   -3.552343771 -250.454750924  -42.015999744
   -1.786674242 -319.247394320  -34.478661592
   -0.021004714 -368.258090492  -20.335060687
    1.744664815 -390.541099340   -5.295657304
    3.510334343 -389.971612902    4.777617374
    5.276003872 -378.124516436    7.463547401
    7.041673401 -366.889700232    4.680702743
    8.807342929 -362.421393582    0.474323510
   10.573012458 -364.202260570   -2.080667205
   12.338681987 -368.409201230   -2.365148538
   14.104351515 -371.900107246   -1.517031688
   15.870021044 -373.876635453   -0.800474072
   17.635690572 -375.059225293   -0.597973258
   19.401360101 -376.077210224   -0.522404725
   21.167029630 -376.670593646   -0.165118514
   22.932699158 -376.313818913    0.589291806
   24.698368687 -374.605284732    1.303111394
   26.464038215 -371.933957060    1.638035021
   28.229707744 -369.056143409    1.542063739
   29.995377273 -366.578164685    1.215342568
   31.761046801 -364.692885714    0.906035148
   33.526716330 -363.233808519    0.746593332
   35.292385859 -361.915146455    0.748340946
   37.058055387 -360.501867868    0.840911872
   38.823724916 -358.910763737    0.926061046
   40.589394444 -357.236573924    0.927114059
   42.355063973 -355.657234522    0.814587537
   44.120733502 -354.337190563    0.656322672
   45.886403030 -353.278372206    0.531668383
   47.652072559 -352.371186315    0.483795175
   49.417742088 -351.500387664    0.482462266
   51.183411616 -350.629268045    0.474068289
   52.949081145 -349.801760868    0.435018855
   54.714750673 -349.074465132    0.359383974
   56.480420202 -348.512839721    0.251063482
   58.246089731 -348.160834164    0.124231899
   60.011759259 -348.007934290    0.034275569
   61.777428788 -347.940245056    0.037994520
   63.543098316 -347.785743739    0.124830711
   65.308767845 -347.463638531    0.209470400
   67.074437374 -347.060171924    0.202848873
   68.840106902 -346.749649645    0.116009983
   70.605776431 -346.612509355    0.023297487
   72.371445960 -346.586557097   -0.002220291
   74.137115488 -346.534769690    0.048272883
   75.902785017 -346.341566812    0.149878414
   77.668454545 -345.946297002    0.276502785
   79.434124074 -345.331060716    0.397216667
   81.199793603 -344.545886055    0.456916575
   82.965463131 -343.740997276    0.413570540
   84.731132660 -343.096649828    0.282788650
   86.496802189 -342.700263927    0.154602617
   88.262471717 -342.456197901    0.122727476
   90.028141246 -342.164101255    0.193918075
   91.793810774 -341.712987722    0.283387105
   93.559480303 -341.182679854    0.273254426
   95.325149832 -340.796584393    0.123869296
   97.090819360 -340.744850777   -0.086489409
   98.856488889 -341.008947551   -0.210374697
  100.622158418 -341.335945188   -0.146585671
  102.387827946 -341.386401474    0.082616263
  104.153497475 -340.983555549    0.342205583
  105.919167003 -340.239123352    0.444087733
  107.684836532 -339.536353774    0.287731347
  109.450506061 -339.305716564   -0.069862157
  111.216175589 -339.750534339   -0.441014506
  112.981845118 -340.711774362   -0.628983588
  114.747514646 -341.778645742   -0.565655772
  116.513184175 -342.573162152   -0.342275989
  118.278853704 -342.970056367   -0.148836943
  120.044523232 -343.162303052   -0.123919692
  121.810192761 -343.470304928   -0.267597264
  123.575862290 -344.085052823   -0.441731691
  125.341531818 -344.905660790   -0.474907524
  127.107201347 -345.597514485   -0.299845176
  128.872870875 -345.860466997   -0.019553194
  130.638540404 -345.699846077    0.141704232
  132.404209933 -345.494241467    0.020094786
  134.169879461 -345.748308172   -0.358834002
  135.935548990 -346.741222378   -0.772930109
  137.701218519 -348.310430850   -0.974132141
  139.466888047 -349.958138501   -0.861913733
  141.232557576 -351.187462596   -0.536111610
  142.998227104 -351.806088066   -0.202988115
  144.763896633 -351.973319462   -0.045175347
  146.529566162 -352.067483684   -0.115455553
  148.295235690 -352.424175463   -0.322869465
  150.060905219 -353.154043910   -0.512399199
  151.826574747 -354.100191678   -0.548033589
  153.592244276 -354.937278609   -0.389378497
  155.357913805 -355.368261069   -0.109127942
  157.123583333 -355.304507160    0.140162918
  158.889252862 -354.948746250    0.197051736
  160.654922391 -354.723700088   -0.007716386
  162.420591919 -355.053878044   -0.410914601
  164.186261448 -356.140296745   -0.824819560
  165.951930976 -357.816519265   -1.051376978
  167.717600505 -359.635462790   -0.983967027
  169.483270034 -361.092715638   -0.653261227
  171.248939562 -361.840014822   -0.209821586
  173.014609091 -361.825709868    0.179142523
  174.780278620 -361.278170187    0.373712263
  176.545948148 -360.622500986    0.299604359
  178.311617677 -360.338609487   -0.036703941
  180.077287205 -360.802139513   -0.518598621
  181.842956734 -362.102285103   -0.948574003
  183.608626263 -363.961903691   -1.126126423
  185.374295791 -365.832789270   -0.957051363
  187.139965320 -367.139496134   -0.519745990
  188.905634848 -367.584173029   -0.017216321
  190.671304377 -367.257246168    0.322350869
  192.436973906 -366.565591241    0.394180139
  194.202643434 -365.954330755    0.253213248
  195.968312963 -365.656592038    0.066406789
  197.733982492 -365.617910120   -0.020381722
  199.499652020 -365.619203086    0.013125770
  201.265321549 -365.508906403    0.088640133
  203.030991077 -365.305131083    0.103390401
  204.796660606 -365.156499714    0.029012433
  206.562330135 -365.185251228   -0.088513745
  208.327999663 -365.399760558   -0.168969531
  210.093669192 -365.691931877   -0.172127840
  211.859338721 -365.927097606   -0.113009526
  213.625008249 -366.048648121   -0.049498488
  215.390677778 -366.100099049   -0.044427501
  217.156347306 -366.200827644   -0.102587392
  218.922016835 -366.419709407   -0.162580286
  220.687686364 -366.679587134   -0.134935300
  222.453355892 -366.776377150    0.024826030
  224.219025421 -366.507554345    0.261699471
  225.984694949 -365.841383417    0.451004382
  227.750364478 -364.965379393    0.485916365
  229.516034007 -364.187305754    0.347953420
  231.281703535 -363.756972087    0.108316368
  233.047373064 -363.751683309   -0.116058308
  234.813042593 -364.064362475   -0.242844246
  236.578712121 -364.490519025   -0.240189121
  238.344381650 -364.811195860   -0.129657575
  240.110051178 -364.867637527    0.051444858
  241.875720707 -364.567096701    0.266012802
  243.641390236 -363.887823541    0.474960820
  245.407059764 -362.886342059    0.618754175
  247.172729293 -361.728452809    0.644511651
  248.938398822 -360.656261486    0.523613446
  250.704068350 -359.900362712    0.297243725
  252.469737879 -359.561008246    0.080481326
  254.235407407 -359.510804333   -0.021920758
  256.001076936 -359.495214545    0.039720812
  257.766746465 -359.260893776    0.212384818
  259.532415993 -358.704315687    0.382003269
  261.298085522 -357.927261571    0.452106406
  263.063755051 -357.146313481    0.390410293
  264.829424579 -356.558888719    0.244147414
  266.595094108 -356.222924931    0.126162588
  268.360763636 -355.982597536    0.151488283
  270.126433165 -355.530776997    0.368764157
  271.892102694 -354.580105899    0.690022747
  273.657772222 -353.095780962    0.942919330
  275.423441751 -351.352826171    0.957830990
  277.189111279 -349.839338824    0.688981617
  278.954780808 -348.989012126    0.238408391
  280.720450337 -348.952196081   -0.202171021
  282.486119865 -349.534552806   -0.434334935
  284.251789394 -350.256996422   -0.354051873
  286.017458923 -350.567642713    0.017491974
  287.783128451 -350.080058537    0.514605953
  289.548797980 -348.788896667    0.880332047
  291.314467508 -347.130980390    0.905530187
  293.080137037 -345.754408209    0.585701642
  294.845806566 -345.087666213    0.159514414
  296.611476094 -345.028897705   -0.059661307
  298.377145623 -345.047323978    0.071686250
  300.142815152 -344.620729745    0.401165208
  301.908484680 -343.655725140    0.629166739
  303.674154209 -342.515856022    0.590875140
  305.439823737 -341.638577350    0.367971570
  307.205493266 -341.163938467    0.166459411
  308.971162795 -340.914363402    0.115502958
  310.736832323 -340.640876806    0.182886175
  312.502501852 -340.225301188    0.264032569
  314.268171380 -339.683043093    0.327063364
  316.033840909 -339.025025227    0.403566765
  317.799510438 -338.211899556    0.493103614
  319.565179966 -337.272961993    0.530186520
  321.330849495 -336.361094577    0.457458319
  323.096519024 -335.652637627    0.326966369
  324.862188552 -335.133354933    0.264711601
  326.627858081 -334.589996282    0.351197281
  328.393527609 -333.816888455    0.495587932
  330.159197138 -332.879013971    0.505830351
  331.924866667 -332.133768397    0.281245600
  333.690536195 -331.918799632   -0.055988891
  335.456205724 -332.199958733   -0.236519462
  337.221875253 -332.504247877   -0.071071712
  338.987544781 -332.249197994    0.362793051
  340.753214310 -331.200483982    0.767983027
  342.518883838 -329.695300023    0.844469883
  344.284553367 -328.439354362    0.494117474
  346.050222896 -328.079095565   -0.132449186
  347.815892424 -328.868195426   -0.762532829
  349.581561953 -330.588939678   -1.155514417
  351.347231481 -332.700632418   -1.193801686
  353.112901010 -334.565029638   -0.887996335
  354.878570539 -335.668008546   -0.358044281
  356.644240067 -335.794792315    0.173676935
  358.409909596 -335.164040061    0.459984465
  360.175579125 -334.371906115    0.339134167
  361.941248653 -334.148105303   -0.154815606
  363.706918182 -334.985644705   -0.816466487
  365.472587710 -336.938511536   -1.381489670
  367.238257239 -339.656460653   -1.660717389
  369.003926768 -342.566020408   -1.601893061
  370.769596296 -345.095728555   -1.239269104
  372.535265825 -346.778168766   -0.657272703
  374.300935354 -347.329853514    0.008237655
  376.066604882 -346.764336231    0.569626805
  377.832274411 -345.457182550    0.826228588
  379.597943939 -344.061805261    0.661635499
  381.363613468 -343.292498621    0.145501425
  383.129282997 -343.598784495   -0.509772549
  384.894952525 -344.980587531   -1.033533611
  386.660622054 -347.003066109   -1.210528860
  388.426291582 -348.975524683   -0.983819275
  390.191961111 -350.272555594   -0.481166845
  391.957630640 -350.632555880    0.026091280
  393.723300168 -350.307209328    0.257510795
  395.488969697 -349.928605567    0.082960830
  397.254639226 -350.145748693   -0.375895477
  399.020308754 -351.205358183   -0.812656774
  400.785978283 -352.782363523   -0.920511339
  402.551647811 -354.154747941   -0.589136854
  404.317317340 -354.661073085    0.013276263
  406.082986869 -354.130076665    0.516246184
  407.848656397 -353.073450507    0.556473887
  409.614325926 -352.493352917   -0.022293893
  411.379995455 -353.402155035   -1.083649820
  413.145664983 -356.339783809   -2.242554086
  414.911334512 -361.066525719   -3.038180425
  416.677004040 -366.602853015   -3.115394305
  418.442673569 -371.548926402   -2.382760226
  420.208343098 -374.627662743   -1.064734864
  421.974012626 -375.212048898    0.347459101
  423.739682155 -373.646566881    1.280011453
  425.505351684 -371.165316010    1.346649339
  427.271021212 -369.358149984    0.560123414
  429.036690741 -369.407830195   -0.661167016
  430.802360269 -371.554684665   -1.716227657
  432.568029798 -375.063540843   -2.155835197
  434.333699327 -378.695539790   -1.867744708
  436.099368855 -381.316541935   -1.065181641
  437.865038384 -382.322420411   -0.101066279
  439.630707912 -381.739458750    0.681235651
  441.396377441 -380.139308187    1.011267706
  443.162046970 -378.471681797    0.750903685
  444.927716498 -377.762755006   -0.045279077
  446.693386027 -378.732570144   -1.079240620
  448.459055556 -381.410496379   -1.899132247
  450.224725084 -385.044401252   -2.114696421
  451.990394613 -388.407725998   -1.608581045
  453.756064141 -390.380353817   -0.600929190
  455.521733670 -390.456675746    0.456246260
  457.287403199 -388.972357923    1.103472094
  459.053072727 -386.929449742    1.062086255
  460.818742256 -385.591718170    0.324029819
  462.584411785 -386.017934109   -0.880744933
  464.350081313 -388.714066458   -2.179348300
  466.115750842 -393.487262149   -3.162862803
  467.881420370 -399.462823206   -3.500028964
  469.647089899 -405.325522256   -3.026518314
  471.412759428 -409.674870664   -1.823262013
  473.178428956 -411.488615252   -0.233584121
  474.944098485 -410.519818322    1.243582775
  476.709768013 -407.423103252    2.099824789
  478.475437542 -403.628059314    1.999465853
  480.241107071 -400.922519334    0.883169510
  482.006776599 -400.919046487   -0.988359056
  483.772446128 -404.483460432   -3.043336357
  485.538115657 -411.293567590   -4.541470983
  487.303785185 -419.771974498   -4.856038680
  489.069454714 -427.561189110   -3.766564140
  490.835124242 -432.404529001   -1.624538812
  492.600793771 -433.095018708    0.775044107
  494.366463300 -430.017686492    2.491390205
  496.132132828 -425.092094647    2.789951422
  497.897802357 -421.110976886    1.434456339
  499.663471886 -420.716845304   -1.152947777
  501.429141414 -425.292496066   -3.995051004
  503.194810943 -434.244800036   -5.923691404
  504.960480471 -445.117681030   -6.075722024
  506.726150000 -454.528522741   -4.328531632
  508.491819529 -459.644776398   -1.392432288
  510.257489057 -459.423867800    1.491674336
  512.023158586 -455.066362745    3.134472791
  513.788828114 -449.413408204    2.920403622
  515.554497643 -445.685328360    1.054261297
  517.320167172 -446.106473416   -1.590034792
  519.085836700 -451.048016908   -3.883813599
  520.851506229 -459.017617930   -4.900942974
  522.617175758 -467.336183451   -4.278052613
  524.382845286 -473.288029915   -2.330383708
  526.148514815 -475.228736643    0.096824648
  527.914184343 -473.214402578    1.984059410
  529.679853872 -468.925153567    2.594923700
  531.445523401 -464.836917694    1.795582782
  533.211192929 -463.065284387    0.100508052
  534.976862458 -464.446428095   -1.615822866
  536.742531987 -468.276165298   -2.578028448
  538.508201515 -472.855596342   -2.454843041
  540.273871044 -476.365984967   -1.433714639
  542.039540572 -477.630043342   -0.010275042
  543.805210101 -476.419880776    1.288092683
  545.570879630 -473.345703410    2.043738917
  547.336549158 -469.599151366    2.027656544
  549.102218687 -466.608498819    1.205930489
  550.867888215 -465.629659437   -0.188731259
  552.633557744 -467.292395511   -1.690662354
  554.399227273 -471.282171559   -2.731404635
  556.164896801 -476.368583583   -2.892047665
  557.930566330 -480.860795687   -2.081347529
  559.696235859 -483.260158079   -0.598753165
  561.461905387 -482.856069699    0.988656314
  563.227574916 -480.004514931    2.087476090
  564.993244444 -475.957905197    2.307382877
  566.758913973 -472.333612219    1.635110408
  568.524583502 -470.434158251    0.448588882
  570.290253030 -470.654959662   -0.661750543
  572.055922559 -472.351985761   -1.154198873
  573.821592088 -474.186609948   -0.821295340
  575.587261616 -474.849625758    0.093339437
  577.352931145 -473.784705552    1.036657299
  579.118600673 -471.454177239    1.444985623
  580.884270202 -469.082627062    1.077822099
  582.649939731 -467.928022142    0.137507451
  584.415609259 -468.565122720   -0.839515876
  586.181278788 -470.493441387   -1.235593606
  587.946948316 -472.285573227   -0.639989326
  589.712617845 -472.133358963    0.919051370
  591.478287374 -468.708860650    2.943945411
  593.243956902 -461.916182255    4.572086571
  595.009626431 -453.273566861    4.905848857
  596.775295960 -445.626064005    3.404437840
  598.540965488 -442.196081850    0.226592604
  600.306635017 -445.225963523   -3.701586949
  602.072304545 -454.825196830   -6.966038528
  603.837974074 -468.599157338   -8.250133448
  605.603643603 -482.383601241   -6.967699455
  607.369313131 -491.901440655   -3.586539314
  609.134982660 -494.563159049    0.516672356
  610.900652189 -490.577146064    3.684488080
  612.666321717 -482.755269953    4.738677878
  614.431991246 -475.169021482    3.476646550
  616.197660774 -471.340879009    0.679213946
  617.963330303 -472.839063367   -2.309344422
  619.728999832 -478.767247817   -4.139055686
  621.494669360 -486.217326536   -3.954742873
  623.260338889 -491.474931538   -1.732246938
  625.026008418 -491.601376980    1.629831522
  626.791677946 -485.879453341    4.610516421
  628.557347475 -476.387767695    5.688559765
  630.323017003 -467.300846880    4.120231684
  632.088686532 -463.081786416    0.363741228
  633.854356061 -466.402644811   -4.117304285
  635.620025589 -476.935938934   -7.525358216
  637.385695118 -491.495966787   -8.530438396
  639.151364646 -505.374367375   -6.787101524
  640.917034175 -514.190116848   -2.984186891
  642.682703704 -515.471005286    1.474224768
  644.448373232 -509.495404566    4.974144034
  646.214042761 -499.164847464    6.244965443
  647.979712290 -488.963905187    4.846962624
  649.745381818 -483.217006087    1.400432067
  651.511051347 -484.295981372   -2.580781093
  653.276720875 -491.541355764   -5.302098791
  655.042390404 -501.473907752   -5.503538570
  656.808059933 -509.327848198   -3.022932034
  658.573729461 -511.105811727    1.116888100
  660.339398990 -505.357766840    5.184828589
  662.105068519 -493.807070119    7.441239188
  663.870738047 -480.725732968    6.824632886
  665.636407576 -471.309971385    3.398476780
  667.402077104 -469.617297831   -1.633308531
  669.167746633 -476.839053160   -6.346285960
  670.933416162 -490.652372401   -8.821901589
  672.699085690 -505.954637088   -7.947698501
  674.464755219 -516.786720798   -3.912608430
  676.230424747 -518.687224275    1.841182050
  677.996094276 -510.462436407    7.187073492
  679.761763805 -494.653858929   10.161896120
  681.527433333 -476.560521926    9.689293185
  683.293102862 -462.325669089    5.927225855
  685.058772391 -456.787437577    0.121472240
  686.824441919 -461.920260093   -5.808427160
  688.590111448 -476.147908575   -9.867463039
  690.355780976 -494.731943533  -10.572499381
  692.121450505 -511.148405439   -7.441369896
  693.887120034 -519.123437595   -1.250957307
  695.652789562 -514.794060479    6.111718879
  697.418459091 -498.210663544   12.220453368
  699.184128620 -473.557262524   14.982107808
  700.949798148 -447.830233874   13.396085630
  702.715467677 -428.473239205    7.986609974
  704.481137205 -420.747217968    0.623036076
  706.246806734 -425.879533707   -6.144318904
  708.012476263 -440.692180076  -10.037263566
  709.778145791 -458.873717341   -9.896059026
  711.543815320 -473.393906577   -6.080414651
  713.309484848 -479.108343803   -0.295582588
  715.075154377 -474.595378933    5.095642591
  716.840823906 -462.545936405    7.956788033
  718.606493434 -448.606556270    7.169837087
  720.372162963 -439.131246750    3.093149373
  722.137832492 -438.607229139   -2.605027580
  723.903502020 -447.893551133   -7.632522090
  725.669171549 -463.982410661  -10.062730525
  727.434841077 -481.377687885   -9.103098992
  729.200510606 -494.402222690   -5.316653838
  730.966180135 -499.347024791   -0.273135460
  732.731849663 -495.692937419    4.114402865
  734.497519192 -486.068491086    6.292141716
  736.263188721 -475.100191627    5.629899974
  738.028858249 -467.515643468    2.644445969
  739.794527778 -466.210890318   -1.168825765
  741.560197306 -471.015670658   -3.980247157
  743.325866835 -478.840867861   -4.453840636
  745.091536364 -485.192787152   -2.400726483
  746.857205892 -486.378884552    1.130355446
  748.622875421 -481.303874650    4.377518777
  750.388544949 -471.985611774    5.725076628
  752.154214478 -462.555405900    4.497345683
  753.919884007 -457.238934796    1.259294939
  755.685553535 -458.325785952   -2.443790099
  757.451223064 -465.017258968   -4.804370666
  759.216892593 -473.700724424   -4.565933346
  760.982562121 -479.470230868   -1.589858990
  762.748231650 -478.266919013    3.058723933
  764.513901178 -468.711573869    7.530180409
  766.279570707 -452.848179194    9.923530686
  768.045240236 -435.517675285    9.099543552
  769.810909764 -422.505131517    5.161053971
  771.576579293 -418.266537071   -0.510828838
  773.342248822 -424.032453855   -5.789428233
  775.107918350 -437.222410404   -8.641540467
  776.873587879 -452.407970644   -7.983489965
  778.639257407 -463.472640059   -4.151598393
  780.404926936 -466.069699226    1.268450804
  782.170596465 -459.257180174    6.144064117
  783.936265993 -445.701617806    8.677754923
  785.701935522 -430.436531143    8.050339895
  787.467605051 -418.871331976    4.643979051
  789.233274579 -414.818144999   -0.161394765
  790.998944108 -419.144041088   -4.536606486
  792.764613636 -429.567557203   -6.841477690
  794.530283165 -441.527430314   -6.224823384
  796.295952694 -449.896576879   -2.910227334
  798.061622222 -450.841538419    1.921475419
  799.827291751 -443.158422824    6.563383321
  801.592961279 -428.675204750    9.396813637
  803.358630808 -411.587908515    9.419267819
  805.124300337 -397.056405466    6.587498441
  806.889969865 -389.425618933    1.833537434
  808.655639394 -390.716340422   -3.214362673
  810.421308923 -399.868127025   -6.795529318
  812.186978451 -413.063175628   -7.667222490
  813.952647980 -425.117972837   -5.561426032
  815.718317508 -431.363654407   -1.306950286
  817.483987037 -429.363036179    3.467787156
  819.249656566 -419.819483243    6.956918972
  821.015326094 -406.279049836    7.850960162
  822.780995623 -393.748394880    5.879012423
  824.546665152 -386.650293899    1.936622834
  826.312334680 -387.014331969   -2.245424334
  828.078004209 -393.604365896   -4.845855288
  829.843673737 -402.489178986   -4.753089021
  831.609343266 -408.785852744   -2.043125425
  833.375012795 -408.821647688    2.056701794
  835.140682323 -401.719420940    5.728470578
  836.906351852 -389.749144870    7.354388133
  838.672021380 -377.324028720    6.230690775
  840.437690909 -369.037929852    2.853435623
  842.203360438 -367.655897435   -1.283769409
  843.969029966 -372.888891030   -4.337869467
  845.734699495 -381.483795294   -4.942783371
  847.500369024 -388.677190739   -2.817176761
  849.266038552 -390.319120387    1.094131934
  851.031708081 -384.745755110    5.031939512
  852.797377609 -373.531005032    7.229547433
  854.563047138 -360.769079106    6.723321907
  856.328716667 -351.180076763    3.796306680
  858.094386195 -347.930116075   -0.154018733
  859.860055724 -351.186141853   -3.267023859
  861.625725253 -358.075292319   -4.105170654
  863.391394781 -364.095487550   -2.342073549
  865.157064310 -365.303122541    1.099218416
  866.922733838 -360.183418935    4.511566630
  868.688403367 -350.314528027    6.259976825
  870.454072896 -339.479039217    5.574065188
  872.219742424 -331.748489331    2.923965194
  873.985411953 -329.437224337   -0.278525973
  875.751081481 -332.048896105   -2.403484732
  877.516751010 -336.644054679   -2.439974469
  879.282420539 -339.432947451   -0.466146700
  881.048090067 -337.691634684    2.454984011
  882.813759596 -331.025002403    4.871017918
  884.579429125 -321.393446021    5.685484461
  886.345098653 -311.994141023    4.653152822
  888.110768182 -305.635673405    2.406717962
  889.876437710 -303.485959423    0.097513785
  891.642107239 -304.649110412   -1.196517191
  893.407776768 -306.751348233   -0.934244025
  895.173446296 -307.103294816    0.693538847
  896.939115825 -303.909555261    2.918369189
  898.704785354 -296.986724828    4.752911740
  900.470454882 -287.780935217    5.401680476
  902.236124411 -278.735486069    4.581766333
  904.001793939 -272.233923925    2.630921888
  905.767463468 -269.577122230    0.395835576
  907.533132997 -270.375030803   -1.120697636
  909.298802525 -272.659404048   -1.215717607
  911.064472054 -273.748414182    0.178531484
  912.830141582 -271.470239446    2.443505768
  914.595811111 -265.168315975    4.551547542
  916.361480640 -256.011889192    5.554544859
  918.127150168 -246.429324145    5.022616902
  919.892819697 -238.976108670    3.253106416
  921.658489226 -235.123539743    1.120790919
  923.424158754 -234.580858485   -0.333654156
  925.189828283 -235.448150386   -0.412654467
  926.955497811 -235.184871137    0.881437999
  928.721167340 -231.905132009    2.839912467
  930.486836869 -225.350949633    4.412861756
  932.252506397 -217.002472906    4.783576704
  934.018175926 -209.224895970    3.812193999
  935.783845455 -203.942520785    2.108873144
  937.549514983 -201.585279551    0.670861622
  939.315184512 -200.900270438    0.309631805
  941.080854040 -199.710774904    1.210015747
  942.846523569 -196.154820866    2.857467768
  944.612193098 -189.683965752    4.354185060
  946.377862626 -181.300480036    4.926829859
  948.143532155 -172.948581656    4.331962830
  949.909201684 -166.444243234    2.940980072
  951.674871212 -162.561592335    1.496679709
  953.440540741 -160.741010544    0.703482018
  955.206210269 -159.480596418    0.874962413
  956.971879798 -157.157070225    1.841218532
  958.737549327 -152.780322400    3.100013259
  960.503218855 -146.342434873    4.090910088
  962.268888384 -138.689060669    4.433529842
  964.034557912 -131.077279612    4.060864964
  965.800227441 -124.609908594    3.201135295
  967.565896970 -119.788420280    2.276632182
  969.331566498 -116.328807994    1.721962542
  971.097236027 -113.313262515    1.793295963
  972.862905556 -109.631382277    2.443866306
  974.628575084 -104.509317870    3.348216713
  976.394244613  -97.880993419    4.083310450
  978.159914141  -90.358995711    4.327537728
  979.925583670  -82.909968218    4.012733392
  981.691253199  -76.385784932    3.327819976
  983.456922727  -71.160873954    2.601491591
  985.222592256  -67.022690077    2.141337540
  986.988261785  -63.328365220    2.108775416
  988.753931313  -59.321113797    2.476981684
  990.519600842  -54.436948208    3.062824326
  992.285270370  -48.500766172    3.628533929
  994.050939899  -41.734821270    3.975555381
  995.816609428  -34.634378270    4.000444476
  997.582278956  -27.785564178    3.700239760
  999.347948485  -21.700194526    3.155283242
 1001.113618013  -16.697475178    2.500863275
 1002.879287542  -12.840701938    1.877241996
 1004.644957071   -9.976924237    1.389432465
 1006.410626599   -7.827190390    1.066643780
 1008.176296128   -6.121322023    0.875375073
 1009.941965657   -4.682746158    0.753754688
 1011.707635185   -3.441162978    0.648040896
 1013.473304714   -2.394507219    0.531538383
 1015.238974242   -1.563260613    0.406487772
 1017.004643771   -0.950884164    0.286460662
 1018.770313300   -0.536453102    0.185521529
 1020.535982828   -0.279110434    0.109839629
 1022.301652357   -0.132780444    0.058860888
 1024.067321886   -0.057592564    0.028567976
 1025.832991414   -0.022449462    0.012336687
 1027.598660943   -0.007833865    0.004733332
 1029.364330471   -0.002425783    0.001602902
 1031.130000000   -0.000580520    0.000410412
