#! FIELDS c file.free der_c
#! SET min_c -17.6777
#! SET max_c 1808.32
#! SET nbins_c  1034
#! SET periodic_c false
  -17.677700000 1049.260920826   -0.918682673
  -15.910035237 1046.291724404   -2.722258314
  -14.142370474 1038.169095297   -7.033447533
  -12.374705712 1018.787378497  -15.803608204
  -10.607040949  978.612850202  -30.737071526
   -8.839376186  906.632713266  -51.417543476
   -7.071711423  796.068050369  -73.207100967
   -5.304046660  652.444149850  -87.089076164
   -3.536381897  498.646504836  -83.383333457
   -1.768717135  370.483833039  -58.259617532
   -0.001052372  301.583858228  -18.304252456
    1.766612391  305.758352731   21.658131540
    3.534277154  369.339180090   47.004916741
    5.301941917  459.529851808   51.705587597
    7.069606680  542.507634073   40.284364788
    8.837271442  598.423539848   22.846833724
   10.604936205  625.007434877    8.181312163
   12.372600968  631.251854383    0.010726789
   14.140265731  628.420665975   -2.466229895
   15.907930494  624.272763721   -1.946858414
   17.675595257  621.876780730   -0.781094709
   19.443260019  621.181849095   -0.112358597
   21.210924782  621.179757205   -0.144172785
   22.978589545  620.778420103   -0.338460823
   24.746254308  619.977727232   -0.546992694
   26.513919071  618.939157863   -0.607005222
   28.281583833  617.928762270   -0.545854976
   30.049248596  617.083291463   -0.430760106
   31.816913359  616.447033893   -0.319197805
   33.584578122  616.007595049   -0.207603711
   35.352242885  615.783582169   -0.066109834
   37.119907648  615.842607652    0.106350010
   38.887572410  616.218809655    0.289455973
   40.655237173  616.882027062    0.426381342
   42.422901936  617.720045758    0.478206265
   44.190566699  618.574466250    0.450912478
   45.958231462  619.335704184    0.372946647
   47.725896225  619.935910343    0.278561287
   49.493560987  620.359835070    0.173582678
   51.261225750  620.592176786    0.062855792
   53.028890513  620.641732997   -0.030785842
   54.796555276  620.571123694   -0.058654749
   56.564220039  620.533810093    0.005678190
   58.331884802  620.699615707    0.164252405
   60.099549564  621.187180411    0.360305508
   61.867214327  621.996401217    0.512949336
   63.634879090  622.986125763    0.556452258
   65.402543853  623.952007611    0.497674233
   67.170208616  624.768806684    0.403134838
   68.937873379  625.460335293    0.362518654
   70.705538141  626.157776771    0.410819727
   72.473202904  626.972109860    0.480605857
   74.240867667  627.840396008    0.447532756
   76.008532430  628.505152358    0.247799202
   77.776197193  628.692742671   -0.068646472
   79.543861955  628.333484427   -0.338334528
   81.311526718  627.665921479   -0.407650956
   83.079191481  627.089206825   -0.238297200
   84.846856244  626.930144694    0.029089112
   86.614521007  627.188081263    0.208432677
   88.382185770  627.588801577    0.181330653
   90.149850532  627.778072416   -0.009187508
   91.917515295  627.592850289   -0.215676149
   93.685180058  627.147646455   -0.288113383
   95.452844821  626.724032061   -0.192207428
   97.220509584  626.549116568   -0.034496531
   98.988174347  626.590145241    0.031564857
  100.755839109  626.594196869   -0.086972221
  102.523503872  626.268018923   -0.315391291
  104.291168635  625.564265287   -0.485637108
  106.058833398  624.720008889   -0.455868557
  107.826498161  624.104653307   -0.250585023
  109.594162924  623.900263952   -0.016628082
  111.361827686  624.011347096    0.085487531
  113.129492449  624.155900381    0.032645253
  114.897157212  624.130744805   -0.089997979
  116.664821975  623.913202835   -0.169173530
  118.432486738  623.617621699   -0.188312240
  120.200151500  623.309078988   -0.191750417
  121.967816263  622.952111037   -0.249333239
  123.735481026  622.430860982   -0.376526605
  125.503145789  621.649860891   -0.534397077
  127.270810552  620.613880940   -0.647326078
  129.038475315  619.482305911   -0.635832690
  130.806140077  618.518771693   -0.454350915
  132.573804840  617.999368135   -0.145453458
  134.341469603  618.053800142    0.173899133
  136.109134366  618.586165387    0.370104961
  137.876799129  619.301551074    0.380357071
  139.644463892  619.879090127    0.226036243
  141.412128654  620.101057629   -0.005069701
  143.179793417  619.929356017   -0.200718809
  144.947458180  619.509897293   -0.276019626
  146.715122943  619.095346372   -0.194619825
  148.482787706  618.936451740    0.000242961
  150.250452469  619.143825536    0.197631276
  152.018117231  619.612294505    0.273848157
  153.785781994  620.059214466    0.178364818
  155.553446757  620.216624295   -0.037354355
  157.321111520  619.984372152   -0.237073984
  159.088776283  619.516414482   -0.288044330
  160.856441045  619.128375773   -0.145143209
  162.624105808  619.119502190    0.114384599
  164.391770571  619.573862126    0.358185156
  166.159435334  620.342942630    0.457994763
  167.927100097  621.132634643    0.380557484
  169.694764860  621.664057034    0.173781244
  171.462429622  621.767039011   -0.085994288
  173.230094385  621.405824625   -0.344033110
  174.997759148  620.626252621   -0.551087361
  176.765423911  619.578749612   -0.633053758
  178.533088674  618.557279779   -0.507386435
  180.300753437  617.972122218   -0.146022435
  182.068418199  618.172960572    0.353029923
  183.836082962  619.223595495    0.773639236
  185.603747725  620.769993132    0.884459545
  187.371412488  622.162462259    0.605603034
  189.139077251  622.809860489    0.085107490
  190.906742014  622.547687172   -0.375734817
  192.674406776  621.723698074   -0.516040733
  194.442071539  620.986533682   -0.292231667
  196.209736302  620.854216173    0.129933660
  197.977401065  621.455576799    0.493780356
  199.745065828  622.504724237    0.622253559
  201.512730591  623.544782727    0.488572453
  203.280395353  624.190530458    0.195740588
  205.048060116  624.286051788   -0.103338031
  206.815724879  623.932475195   -0.301736223
  208.583389642  623.368823371   -0.328003239
  210.351054405  622.911835067   -0.185494300
  212.118719167  622.836542048    0.086142834
  213.886383930  623.295231163    0.404343730
  215.654048693  624.261603850    0.635663683
  217.421713456  625.458308833    0.646866654
  219.189378219  626.414226743    0.354910839
  220.957042982  626.615726047   -0.179540474
  222.724707744  625.802797758   -0.748058209
  224.492372507  624.178302616   -1.047773991
  226.260037270  622.439683100   -0.858570113
  228.027702033  621.470175573   -0.201185886
  229.795366796  621.874967755    0.627280607
  231.563031559  623.601641837    1.234254976
  233.330696321  625.989679324    1.348379518
  235.098361084  628.119015496    0.962893275
  236.866025847  629.263511078    0.274344236
  238.633690610  629.108174760   -0.464186525
  240.401355373  627.743860772   -1.071843396
  242.169020136  625.527015101   -1.407688490
  243.936684898  623.038787515   -1.361144619
  245.704349661  621.028935564   -0.862827431
  247.472014424  620.249850669   -0.011952087
  249.239679187  621.075001607    0.887160543
  251.007343950  623.209757418    1.404935388
  252.775008712  625.689162896    1.256027340
  254.542673475  627.336914853    0.515547991
  256.310338238  627.451143637   -0.390185121
  258.078003001  626.224078293   -0.925766247
  259.845667764  624.624756541   -0.797277767
  261.613332527  623.763143156   -0.154822719
  263.380997289  624.132233277    0.499830973
  265.148662052  625.253081511    0.617206602
  266.916326815  625.899399078   -0.035374461
  268.683991578  624.855007856   -1.219264622
  270.451656341  621.683701345   -2.324578858
  272.219321104  617.121432858   -2.696626352
  273.986985866  612.837280478   -1.997432933
  275.754650629  610.630934816   -0.421915396
  277.522315392  611.513330245    1.357121558
  279.289980155  615.095164910    2.499293799
  281.057644918  619.659359651    2.410395560
  282.825309681  622.916745222    1.071353512
  284.592974443  623.097316872   -0.936043322
  286.360639206  619.805722935   -2.694804908
  288.128303969  614.236992952   -3.411184955
  289.895968732  608.584726150   -2.793973004
  291.663633495  604.995362002   -1.185920029
  293.431298258  604.568972127    0.641785071
  295.198963020  606.954494090    1.872017054
  296.966627783  610.608403279    2.038865050
  298.734292546  613.602603266    1.175389098
  300.501957309  614.475152939   -0.257181505
  302.269622072  612.780376868   -1.624333629
  304.037286834  609.135810484   -2.389941430
  305.804951597  604.881230786   -2.302744636
  307.572616360  601.496934021   -1.449096349
  309.340281123  600.048981394   -0.186428401
  311.107945886  600.843113375    1.002996643
  312.875610649  603.362856949    1.709065127
  314.643275411  606.540770623    1.746310513
  316.410940174  609.224102140    1.177357131
  318.178604937  610.542915664    0.256938121
  319.946269700  610.147258317   -0.707519783
  321.713934463  608.205526972   -1.469313281
  323.481599226  605.236287625   -1.847154690
  325.249263988  601.995578081   -1.771227433
  327.016928751  599.273415736   -1.278009861
  328.784593514  597.684217983   -0.523704867
  330.552258277  597.488719055    0.260887193
  332.319923040  598.562583112    0.890445548
  334.087587803  600.556272106    1.303778271
  335.855252565  603.115820880    1.533596737
  337.622917328  605.926471400    1.585462016
  339.390582091  608.605262671    1.360998711
  341.158246854  610.559110788    0.754137557
  342.925911617  611.126310014   -0.175919660
  344.693576379  609.970249623   -1.125321614
  346.461241142  607.442560911   -1.662729846
  348.228905905  604.555946568   -1.512164316
  349.996570668  602.518032393   -0.748202423
  351.764235431  602.094988507    0.238057423
  353.531900194  603.243459249    0.951094718
  355.299564956  605.149805624    1.061528594
  357.067229719  606.663051946    0.530027371
  358.834894482  606.828640662   -0.409507489
  360.602559245  605.268030346   -1.350762868
  362.370224008  602.353812813   -1.872139819
  364.137888771  599.110476776   -1.688666762
  365.905553533  596.874795958   -0.751879498
  367.673218296  596.825977658    0.729237060
  369.440883059  599.571061918    2.324657903
  371.208547822  604.853817413    3.512214788
  372.976212585  611.518666950    3.823817302
  374.743877348  617.737686652    2.983652350
  376.511542110  621.442313502    1.012662576
  378.279206873  620.885793882   -1.759340571
  380.046871636  615.142052166   -4.741231907
  381.814536399  604.473921245   -7.211207050
  383.582201162  590.408981502   -8.477031871
  385.349865924  575.529167100   -8.096623462
  387.117530687  562.828791132   -6.053864485
  388.885195450  554.859595774   -2.870966000
  390.652860213  552.847264266    0.511317232
  392.420524976  556.234334870    3.086543357
  394.188189739  562.915625700    4.167249435
  395.955854501  570.036321597    3.609822058
  397.723519264  574.963159871    1.776558252
  399.491184027  575.998956352   -0.666132274
  401.258848790  572.730674253   -2.977802619
  403.026513553  565.983452198   -4.508952635
  404.794178316  557.544935507   -4.849417515
  406.561843078  549.632052766   -3.945813819
  408.329507841  544.196794125   -2.131694539
  410.097172604  542.332606212   -0.020968962
  411.864837367  543.977379942    1.745098365
  413.632502130  548.070324940    2.693374096
  415.400166893  552.929714876    2.594550640
  417.167831655  556.672340020    1.447294592
  418.935496418  557.597791298   -0.537448795
  420.703161181  554.604777842   -2.884240771
  422.470825944  547.657473144   -4.877953038
  424.238490707  538.077990934   -5.742373509
  426.006155470  528.394912184   -4.945166177
  427.773820232  521.650489607   -2.474002165
  429.541484995  520.344941043    1.060815934
  431.309149758  525.433685260    4.549505708
  433.076814521  535.714858529    6.741628196
  434.844479284  547.979248996    6.682085915
  436.612144046  557.908573637    4.132957757
  438.379808809  561.548131017   -0.252245052
  440.147473572  556.787601745   -5.100618495
  441.915138335  544.244060583   -8.801243109
  443.682803098  527.124376309  -10.147455983
  445.450467861  510.020598494   -8.819245712
  447.218132623  497.192612999   -5.496124724
  448.985797386  491.035021686   -1.524024944
  450.753462149  491.398506466    1.665978237
  452.521126912  495.948835670    3.112116658
  454.288791675  501.283313277    2.588225096
  456.056456438  504.254738193    0.559130140
  457.824121200  502.969383841   -2.049753072
  459.591785963  497.312818919   -4.220028334
  461.359450726  488.837517793   -5.137850090
  463.127115489  480.158189350   -4.437325563
  464.894780252  474.045855964   -2.322720808
  466.662445015  472.434480359    0.498796143
  468.430109777  475.714638336    3.040456494
  470.197774540  482.533342326    4.376536647
  471.965439303  490.225770674    3.991523732
  473.733104066  495.735225349    1.978496440
  475.500768829  496.709747672   -0.985712529
  477.268433591  492.344243871   -3.886115046
  479.036098354  483.658962888   -5.727915530
  480.803763117  473.118033073   -5.941743749
  482.571427880  463.667113880   -4.561183883
  484.339092643  457.638683970   -2.207781142
  486.106757406  455.948298517    0.183419380
  487.874422168  457.864707758    1.751912646
  489.642086931  461.450735563    2.045625905
  491.409751694  464.450225272    1.153988166
  493.177416457  465.218814042   -0.355915180
  494.945081220  463.345023239   -1.711851613
  496.712745983  459.693012370   -2.288974388
  498.480410745  455.897526223   -1.877804442
  500.248075508  453.564973109   -0.709549333
  502.015740271  453.621580358    0.737259890
  503.783405034  456.117076247    1.979188361
  505.551069797  460.375741802    2.696044024
  507.318734560  465.302218379    2.712675030
  509.086399322  469.589208839    1.977971599
  510.854064085  471.968359524    0.587246532
  512.621728848  471.531901782   -1.130308360
  514.389393611  468.148880867   -2.651856219
  516.157058374  462.646822394   -3.454593844
  517.924723136  456.572877266   -3.301409071
  519.692387899  451.534765072   -2.331226301
  521.460052662  448.620184813   -0.986664046
  523.227717425  448.050678521    0.250446358
  524.995382188  449.287760996    1.011344780
  526.763046951  451.298038601    1.113614467
  528.530711713  452.909766907    0.578325186
  530.298376476  453.189269204   -0.326379693
  532.066041239  451.877473599   -1.123042587
  533.833706002  449.661981541   -1.274177991
  535.601370765  447.999510051   -0.482235743
  537.369035528  448.473240645    1.065441501
  539.136700290  451.905259223    2.729702902
  540.904365053  457.806812874    3.747487003
  542.672029816  464.529796485    3.617201327
  544.439694579  469.965081389    2.326984966
  546.207359342  472.395106510    0.315477859
  547.975024105  471.096838748   -1.782449618
  549.742688867  466.448172936   -3.398605808
  551.510353630  459.624940162   -4.211446472
  553.278018393  452.102548981   -4.214899449
  555.045683156  445.138068006   -3.632594909
  556.813347919  439.514019257   -2.739033398
  558.581012682  435.605536882   -1.704654104
  560.348677444  433.632000781   -0.541405225
  562.116342207  433.854762628    0.784060047
  563.884006970  436.522038696    2.198947292
  565.651671733  441.606982747    3.471287975
  567.419336496  448.556349901    4.249512432
  569.187001258  456.212118111    4.226450685
  570.954666021  463.010859008    3.287174849
  572.722330784  467.420314908    1.556571522
  574.489995547  468.325319358   -0.608941377
  576.257660310  465.313375059   -2.815529183
  578.025325073  458.592956324   -4.764510181
  579.792989835  448.760670860   -6.332925929
  581.560654598  436.515571510   -7.485879654
  583.328319361  422.646176702   -8.150630635
  585.095984124  408.157639414   -8.154580264
  586.863648887  394.377512850   -7.333787708
  588.631313650  382.776551981   -5.714909877
  590.398978412  374.519447282   -3.621319030
  592.166643175  370.005863098   -1.573819087
  593.934307938  368.716255380   -0.032132659
  595.701972701  369.556584220    0.839118786
  597.469637464  371.463989174    1.239566543
  599.237302227  373.962813672    1.570975747
  601.004966989  377.274383727    2.205454633
  602.772631752  382.081885147    3.267592799
  604.540296515  389.069277194    4.628996471
  606.307961278  398.521327261    6.001559834
  608.075626041  410.148750398    7.012450942
  609.843290803  422.954358444    7.277891250
  611.610955566  435.305146511    6.454844688
  613.378620329  445.124687106    4.409770925
  615.146285092  450.354994290    1.325714927
  616.913949855  449.544802473   -2.324771183
  618.681614618  442.236356633   -5.929107414
  620.449279380  429.016137178   -8.928904218
  622.216944143  411.321593441  -10.952495976
  623.984608906  391.047133929  -11.839185046
  625.752273669  370.189042549  -11.634752626
  627.519938432  350.526333743  -10.520557861
  629.287603195  333.454243739   -8.742499028
  631.055267957  319.925878315   -6.555103072
  632.822932720  310.441627319   -4.206580398
  634.590597483  305.046692563   -1.970089647
  636.358262246  303.307387018   -0.110871249
  638.125927009  304.367820882    1.171881501
  639.893591772  307.130906119    1.810602409
  641.661256534  310.485437256    1.863228222
  643.428921297  313.531445597    1.491340694
  645.196586060  315.750293192    0.982049684
  646.964250823  317.194424628    0.661603657
  648.731915586  318.465936661    0.827729449
  650.499580348  320.545905093    1.574239779
  652.267245111  324.391389638    2.776765277
  654.034909874  330.568536409    4.164685120
  655.802574637  339.127020666    5.424772033
  657.570239400  349.625501685    6.330958090
  659.337904163  361.330102963    6.794555352
  661.105568925  373.472201168    6.829349592
  662.873233688  385.361192285    6.522345022
  664.640898451  396.417458307    5.884867692
  666.408563214  405.968492433    4.784264945
  668.176227977  412.992389176    2.986487157
  669.943892740  416.070143976    0.295584783
  671.711557502  413.582884007   -3.289588606
  673.479222265  404.119415188   -7.538528376
  675.246887028  386.871371525  -12.012198198
  677.014551791  361.923214488  -16.147867134
  678.782216554  330.392886161  -19.371972040
  680.549881317  294.344341989  -21.185359973
  682.317546079  256.541410246  -21.336283473
  684.085210842  219.930846082  -19.875943175
  685.852875605  187.079165309  -17.162846712
  687.620540368  159.737120161  -13.739485513
  689.388205131  138.663298747  -10.143865249
  691.155869894  123.804558753   -6.754468500
  692.923534656  114.618668681   -3.738357097
  694.691199419  110.415389090   -1.111924857
  696.458864182  110.510277892    1.122081125
  698.226528945  114.181411275    2.905361653
  699.994193708  120.518732353    4.112857738
  701.761858470  128.363519318    4.586386931
  703.529523233  136.306145624    4.206320776
  705.297187996  142.812153757    2.963611755
  707.064852759  146.461124296    1.020833549
  708.832517522  146.293483491   -1.298450297
  710.600182285  142.037101522   -3.519900514
  712.367847047  134.271958516   -5.205927487
  714.135511810  124.203849974   -6.114375850
  715.903176573  113.203520120   -6.285894488
  717.670841336  102.360579254   -5.988728524
  719.438506099   92.239931172   -5.506349946
  721.206170862   83.041609603   -4.938734049
  722.973835624   74.982932349   -4.196546644
  724.741500387   68.495236324   -3.144037338
  726.509165150   64.141456942   -1.805917984
  728.276829913   62.242145056   -0.412017344
  730.044494676   62.643853086    0.758451516
  731.812159439   64.818600360    1.603430709
  733.579824201   68.286284632    2.249720761
  735.347488964   72.881711707    2.904960758
  737.115153727   78.684579283    3.587179904
  738.882818490   85.546850108    4.050339194
  740.650483253   92.734915537    3.888507604
  742.418148015   98.868688866    2.839887691
  744.185812778  102.382666697    0.960743188
  745.953477541  102.126941237   -1.335002872
  747.721142304   97.894790991   -3.430900007
  749.488807067   90.575835957   -4.752146177
  751.256471830   81.813023358   -5.059524237
  753.024136592   73.275288375   -4.564432947
  754.791801355   65.947553955   -3.781081325
  756.559466118   59.919645173   -3.155693333
  758.327130881   54.781436303   -2.742574886
  760.094795644   50.414336999   -2.194204957
  761.862460407   47.497583337   -1.031722897
  763.630125169   47.408966236    1.015043846
  765.397789932   51.653503728    3.817858328
  767.165454695   61.190507911    6.916750165
  768.933119458   76.058687286    9.763200861
  770.700784221   95.441360188   11.979703410
  772.468448984  118.074180366   13.431190023
  774.236113746  142.613059482   14.151947285
  776.003778509  167.786837571   14.139317405
  777.771443272  192.205409342   13.261966748
  779.539108035  214.142922321   11.301117403
  781.306772798  231.547565972    8.126546508
  783.074437561  242.346076151    3.872711566
  784.842102323  244.959820138   -1.045483955
  786.609767086  238.722068667   -6.037365595
  788.377431849  224.069627909  -10.453454352
  790.145096612  202.577304128  -13.685981462
  791.912761375  176.766667299  -15.282107595
  793.680426137  149.713909934  -15.091628751
  795.448090900  124.417097200  -13.382616494
  797.215755663  103.072405782  -10.713362968
  798.983420426   86.812123169   -7.731741575
  800.751085189   75.763551510   -4.857635436
  802.518749952   69.563122047   -2.242462622
  804.286414714   67.775012197    0.144668613
  806.054079477   70.033778262    2.327706395
  807.821744240   75.910760119    4.211347829
  809.589409003   84.667227202    5.526692915
  811.357073766   94.988201940    5.914634424
  813.124738529  104.909595785    5.022021572
  814.892403291  111.993530091    2.700089436
  816.660068054  113.882489592   -0.762486662
  818.427732817  109.212952375   -4.540572742
  820.195397580   98.467174227   -7.424454603
  821.963062343   84.260984975   -8.317553028
  823.730727106   70.602058653   -6.821960543
  825.498391868   61.344640119   -3.505888207
  827.266056631   58.628743115    0.337640239
  829.033721394   62.151129722    3.354869806
  830.801386157   69.630573869    4.753732492
  832.569050920   78.054166790    4.462963942
  834.336715682   84.788259487    2.941353236
  836.104380445   88.174464569    0.770166969
  837.872045208   87.527055359   -1.537892959
  839.639709971   83.008873143   -3.545976076
  841.407374734   75.504307243   -4.858397104
  843.175039497   66.533676157   -5.179000048
  844.942704259   57.984190912   -4.381760527
  846.710369022   51.776927021   -2.559364373
  848.478033785   49.514749054    0.030890411
  850.245698548   52.242986290    3.022567189
  852.013363311   60.287862743    5.982718330
  853.781028074   73.201092615    8.448395602
  855.548692836   89.760459971   10.061586523
  857.316357599  108.290209638   10.685754466
  859.084022362  127.115159994   10.432146534
  860.851687125  144.914263600    9.563417987
  862.619351888  160.777135268    8.256581611
  864.387016651  173.926846367    6.461998536
  866.154681413  183.332347942    3.992125178
  867.922346176  187.690450241    0.745552622
  869.690010939  185.742019851   -3.078271329
  871.457675702  176.879641848   -6.965815563
  873.225340465  161.578406518  -10.259716486
  874.993005227  141.438274519  -12.351086506
  876.760669990  118.947614477  -12.882143164
  878.528334753   96.946488152  -11.816238509
  880.295999516   78.048353754   -9.443050237
  882.063664279   64.106334198   -6.315599294
  883.831329042   55.865554155   -3.108757219
  885.598993804   52.885621260   -0.446592875
  887.366658567   53.809403683    1.266530330
  889.134323330   56.821452615    1.927796273
  890.901988093   60.172815458    1.687323473
  892.669652856   62.509703799    0.824612789
  894.437317619   63.004202677   -0.336211562
  896.204982381   61.432084283   -1.466600101
  897.972647144   58.137499324   -2.232036759
  899.740311907   53.997027339   -2.415806262
  901.507976670   50.053556641   -2.034807618
  903.275641433   47.090573034   -1.362782934
  905.043306196   45.324356107   -0.723869630
  906.810970958   44.550299692   -0.241852951
  908.578635721   44.594010089    0.255587094
  910.346300484   45.741422184    1.050368357
  912.113965247   48.710452440    2.324773471
  913.881630010   54.306460909    3.980081084
  915.649294773   62.920089471    5.668785111
  917.416959535   74.220106291    6.954153162
  919.184624298   87.178551158    7.502770332
  920.952289061  100.374464097    7.229820067
  922.719953824  112.453891149    6.275714671
  924.487618587  122.423263721    4.887946043
  926.255283349  129.714051868    3.279161422
  928.022948112  134.064085696    1.571327581
  929.790612875  135.370143410   -0.159099362
  931.558277638  133.649550873   -1.840258829
  933.325942401  129.045987013   -3.401161341
  935.093607164  121.848015390   -4.769575731
  936.861271926  112.450951497   -5.869380671
  938.628936689  101.401041537   -6.636830682
  940.396601452   89.312964041   -7.038249011
  942.164266215   76.791586171   -7.148419860
  943.931930978   64.214763919   -7.134384058
  945.699595741   51.650817759   -7.153347426
  947.467260503   39.009940198   -7.193994770
  949.234925266   26.443260934   -7.006708982
  951.002590029   14.713521045   -6.180900617
  952.770254792    5.282682821   -4.370132214
  954.537919555    0.000000000   -1.504578129
  956.305584318    0.539083608    2.148577795
  958.073249080    7.865694935    6.076102777
  959.840913843   21.936669879    9.683905276
  961.608578606   41.705875918   12.436823785
  963.376243369   65.300141211   13.967067690
  965.143908132   90.357890939   14.079298072
  966.911572894  114.344594716   12.770709898
  968.679237657  134.881938501   10.223363931
  970.446902420  150.064876317    6.770715014
  972.214567183  158.683499841    2.882980280
  973.982231946  160.416202975   -0.946646516
  975.749896709  155.769563946   -4.259884574
  977.517561471  145.983278873   -6.716339974
  979.285226234  132.803340908   -8.074193420
  981.052890997  118.274027640   -8.232945392
  982.820555760  104.476123851   -7.272730847
  984.588220523   93.146714162   -5.514532509
  986.355885286   85.251792666   -3.480370654
  988.123550048   80.763575152   -1.738261467
  989.891214811   78.791185964   -0.669683801
  991.658879574   78.060187121   -0.314031407
  993.426544337   77.486532914   -0.434561569
  995.194209100   76.508537226   -0.735122516
  996.961873863   74.948746958   -1.093241818
  998.729538625   72.647939167   -1.605634226
 1000.497203388   69.168447314   -2.458390160
 1002.264868151   63.850967414   -3.662150905
 1004.032532914   56.314941013   -4.883002999
 1005.800197677   47.076440223   -5.462128777
 1007.567862439   37.913121404   -4.705055333
 1009.335527202   31.551857829   -2.285850517
 1011.103191965   30.740713379    1.461841479
 1012.870856728   37.077655887    5.624060503
 1014.638521491   50.328960948    9.116684153
 1016.406186254   68.558952187   11.168146792
 1018.173851016   88.934502531   11.550255312
 1019.941515779  108.640392962   10.480695035
 1021.709180542  125.468163049    8.353944569
 1023.476845305  137.903461017    5.573308093
 1025.244510068  145.086356738    2.461789166
 1027.012174831  146.708031794   -0.658567671
 1028.779839593  143.067983551   -3.441418406
 1030.547504356  135.093840654   -5.512232694
 1032.315169119  124.302718814   -6.584131463
 1034.082833882  112.582754614   -6.568819029
 1035.850498645  101.760965717   -5.596676814
 1037.618163408   93.243752867   -4.041164484
 1039.385828170   87.641004104   -2.382007828
 1041.153492933   84.715504818   -1.075491506
 1042.921157696   83.546496742   -0.420184583
 1044.688822459   82.912925962   -0.453019006
 1046.456487222   81.750461358   -0.972682510
 1048.224151985   79.482111314   -1.646384604
 1049.991816747   76.122792720   -2.164288969
 1051.759481510   72.125075829   -2.364135897
 1053.527146273   68.038202321   -2.282167980
 1055.294811036   64.237095501   -2.073282320
 1057.062475799   60.838518824   -1.822035623
 1058.830140561   57.999989882   -1.403610059
 1060.597805324   56.276413005   -0.499674336
 1062.365470087   56.810496655    1.180129718
 1064.133134850   61.022445087    3.629605758
 1065.900799613   69.946372025    6.406534395
 1067.668464376   83.537441223    8.775143941
 1069.436129138  100.415656701   10.021084403
 1071.203793901  118.181216952    9.761940834
 1072.971458664  134.177121756    8.062168137
 1074.739123427  146.208541929    5.366547497
 1076.506788190  153.031576920    2.275273564
 1078.274452953  154.473832298   -0.626830159
 1080.042117715  151.336489515   -2.839335880
 1081.809782478  145.178876085   -3.995980653
 1083.577447241  138.021285744   -3.982067510
 1085.345112004  131.803231470   -2.991429650
 1087.112776767  127.863663604   -1.493143506
 1088.880441530  126.608345774   -0.027131781
 1090.648106292  127.609277293    1.003472039
 1092.415771055  129.876625370    1.396653630
 1094.183435818  132.178220220    1.017875830
 1095.951100581  133.061105326   -0.218552314
 1097.718765344  130.985861575   -2.324367253
 1099.486430106  124.568736763   -5.051224583
 1101.254094869  113.171049297   -7.846388429
 1103.021759632   97.355243644   -9.919399535
 1104.789424395   79.073290441  -10.537183812
 1106.557089158   61.287067916   -9.344888195
 1108.324753921   47.111332275   -6.524341279
 1110.092418683   38.886995105   -2.749569227
 1111.860083446   37.524748531    1.079138184
 1113.627748209   42.381897568    4.187882124
 1115.395412972   51.733692712    6.129821465
 1117.163077735   63.428652245    6.862235005
 1118.930742498   75.506866037    6.609287966
 1120.698407260   86.509293888    5.705718628
 1122.466072023   95.581018009    4.477985929
 1124.233736786  102.420154262    3.214094760
 1126.001401549  107.166442211    2.132126533
 1127.769066312  110.211435649    1.286788729
 1129.536731075  111.895437011    0.543032201
 1131.304395837  112.173245384   -0.332081188
 1133.072060600  110.655052233   -1.500782357
 1134.839725363  106.858406990   -2.869812947
 1136.607390126  100.691105379   -4.124237548
 1138.375054889   92.649596715   -4.942190080
 1140.142719652   83.663500817   -5.207084741
 1141.910384414   74.610616613   -5.040322145
 1143.678049177   66.070113863   -4.659953335
 1145.445713940   58.323271899   -4.130069988
 1147.213378703   51.754112214   -3.290346024
 1148.981043466   47.137336495   -1.889893245
 1150.748708228   45.567212859    0.143458019
 1152.516372991   48.004529286    2.593261480
 1154.284037754   54.815782917    5.012209862
 1156.051702517   65.566463968    6.998023207
 1157.819367280   79.308840903    8.388652428
 1159.587032043   95.036641552    9.277237896
 1161.354696805  112.037646457    9.854921577
 1163.122361568  129.866354372   10.212589983
 1164.890026331  148.053735297   10.223922237
 1166.657691094  165.761490245    9.628085124
 1168.425355857  181.708912976    8.205381040
 1170.193020620  194.416608393    5.991944971
 1171.960685382  202.691729635    3.242630587
 1173.728350145  205.896880458    0.314315900
 1175.496014908  203.963540665   -2.544828576
 1177.263679671  197.129565030   -5.210781502
 1179.031344434  185.802227119   -7.613390984
 1180.799009197  170.577346058   -9.584144411
 1182.566673959  152.418703622  -10.888610052
 1184.334338722  132.715932277  -11.297434580
 1186.102003485  113.163613901  -10.723246136
 1187.869668248   95.454375847   -9.230908696
 1189.637333011   81.046574739   -7.015462359
 1191.404997773   71.017196235   -4.321628835
 1193.172662536   66.016550615   -1.362688467
 1194.940327299   66.332298179    1.663679333
 1196.707992062   71.901122094    4.535622522
 1198.475656825   82.212042808    6.982630806
 1200.243321588   96.230681669    8.677627446
 1202.010986350  112.395020100    9.378017809
 1203.778651113  128.875919129    9.053452827
 1205.546315876  144.015873827    7.901514084
 1207.313980639  156.603400231    6.216732986
 1209.081645402  165.896028891    4.185134785
 1210.849310165  171.351021350    1.883651618
 1212.616974927  172.545022663   -0.615697984
 1214.384639690  169.317844653   -3.056633730
 1216.152304453  162.120758481   -5.038107143
 1217.919969216  152.113379885   -6.187999775
 1219.687633979  140.939945847   -6.364151218
 1221.455298742  130.236002986   -5.689606320
 1223.222963504  121.226522759   -4.513209888
 1224.990628267  114.444549596   -3.231463142
 1226.758293030  109.786044595   -2.141126963
 1228.525957793  106.861605788   -1.237486831
 1230.293622556  105.611856349   -0.160651642
 1232.061287318  106.839646509    1.654770358
 1233.828952081  112.233355457    4.586644018
 1235.596616844  123.713414136    8.450614457
 1237.364281607  142.346405277   12.521447434
 1239.131946370  167.666237770   15.877266310
 1240.899611133  197.784099035   17.885001658
 1242.667275895  230.153113990   18.450218344
 1244.434940658  262.453370543   17.871746080
 1246.202605421  293.006680912   16.532231586
 1247.970270184  320.691789173   14.644044941
 1249.737934947  344.589772433   12.242381534
 1251.505599710  363.765137525    9.311919815
 1253.273264472  377.325365751    5.897527817
 1255.040929235  384.548344193    2.170721975
 1256.808593998  385.068080437   -1.644809282
 1258.576258761  378.932475616   -5.310670480
 1260.343923524  366.632656695   -8.571140569
 1262.111588287  349.138825696  -11.136077514
 1263.879253049  327.945764272  -12.708980924
 1265.646917812  305.017358076  -13.063469020
 1267.414582575  282.616082677  -12.114943910
 1269.182247338  263.005173581   -9.924791815
 1270.949912101  248.214857374   -6.705901491
 1272.717576864  239.789143175   -2.781725949
 1274.485241626  238.587622245    1.372135012
 1276.252906389  244.498434445    5.161833431
 1278.020571152  256.316818183    7.966745024
 1279.788235915  271.888439911    9.356254471
 1281.555900678  288.593953375    9.276297828
 1283.323565440  304.055145682    8.020566169
 1285.091230203  316.605792831    6.052968578
 1286.858894966  325.347655985    3.756252049
 1288.626559729  329.900217884    1.324831888
 1290.394224492  330.091064267   -1.166447251
 1292.161889255  325.898767851   -3.604399090
 1293.929554017  317.626619944   -5.732876806
 1295.697218780  306.131730665   -7.186584476
 1297.464883543  292.900560325   -7.661206269
 1299.232548306  279.786883760   -7.059686789
 1301.000213069  268.578537979   -5.536784692
 1302.767877832  260.646854609   -3.411825636
 1304.535542594  256.765490306   -1.000549667
 1306.303207357  257.205914565    1.445528210
 1308.070872120  261.842343379    3.704342802
 1309.838536883  270.114191125    5.506212414
 1311.606201646  280.894071213    6.475290652
 1313.373866409  292.392904799    6.278354738
 1315.141531171  302.424173762    4.835489650
 1316.909195934  309.003308737    2.451044195
 1318.676860697  310.997853136   -0.238854678
 1320.444525460  308.497131055   -2.518717962
 1322.212190223  302.737875675   -3.866699399
 1323.979854985  295.619249941   -4.045698140
 1325.747519748  289.204285100   -3.087253538
 1327.515184511  285.336970685   -1.213098027
 1329.282849274  285.376534922    1.278308564
 1331.050514037  290.093125237    4.007750611
 1332.818178800  299.528001949    6.544032477
 1334.585843562  312.918820647    8.413242214
 1336.353508325  328.704961583    9.195409461
 1338.121173088  344.737690966    8.678447889
 1339.888837851  358.756179278    6.963418652
 1341.656502614  368.958924539    4.439688707
 1343.424167377  374.371725802    1.628103685
 1345.191832139  374.923310891   -0.992068222
 1346.959496902  371.276384442   -3.065991096
 1348.727161665  364.648410324   -4.335568250
 1350.494826428  356.642224341   -4.595810693
 1352.262491191  349.126518429   -3.786563580
 1354.030155954  343.904856832   -2.040871186
 1355.797820716  342.351879941    0.296253733
 1357.565485479  345.113620076    2.766754426
 1359.333150242  352.028131259    4.933456225
 1361.100815005  362.260681313    6.488439449
 1362.868479768  374.610868449    7.322987983
 1364.636144530  387.827643534    7.485948821
 1366.403809293  400.804852924    7.063264093
 1368.171474056  412.539526551    6.074026320
 1369.939138819  421.993494350    4.483139373
 1371.706803582  428.122013901    2.324332094
 1373.474468345  430.088542721   -0.179520244
 1375.242133107  427.594107038   -2.652672222
 1377.009797870  421.052485673   -4.687395423
 1378.777462633  411.558012804   -5.954099791
 1380.545127396  400.667100553   -6.246518816
 1382.312792159  390.156419272   -5.529933815
 1384.080456922  381.694879086   -3.966471195
 1385.848121684  376.545955649   -1.830806058
 1387.615786447  375.461018501    0.585332426
 1389.383451210  378.718870606    3.051601902
 1391.151115973  386.204918464    5.329467299
 1392.918780736  397.351709691    7.146078038
 1394.686445499  411.099573756    8.231807076
 1396.454110261  425.994843863    8.430031515
 1398.221775024  440.446489382    7.733967009
 1399.989439787  452.930099249    6.229758262
 1401.757104550  462.133457310    4.042993624
 1403.524769313  467.053062573    1.433823484
 1405.292434076  467.280972952   -1.183059674
 1407.060098838  463.249933249   -3.301013713
 1408.827763601  456.218733309   -4.523654429
 1410.595428364  447.951927099   -4.709220403
 1412.363093127  440.227617067   -3.934539217
 1414.130757890  434.570726107   -2.398578503
 1415.898422652  432.134781881   -0.324656946
 1417.666087415  433.641964061    2.000879905
 1419.433752178  439.203789649    4.191657108
 1421.201416941  448.177929848    5.789749998
 1422.969081704  459.179276750    6.452528416
 1424.736746467  470.452869681    6.117598258
 1426.504411229  480.411055422    5.021551556
 1428.272075992  488.042703515    3.543235333
 1430.039740755  492.970307939    2.002481450
 1431.807405518  495.220575717    0.510354891
 1433.575070281  494.845152433   -0.980457221
 1435.342735044  491.760615683   -2.570088173
 1437.110399806  485.780814036   -4.244534072
 1438.878064569  476.897421913   -5.801412133
 1440.645729332  465.615124983   -6.896356550
 1442.413394095  453.086377720   -7.152556122
 1444.181058858  441.037649363   -6.326964952
 1445.948723621  431.429114760   -4.412422140
 1447.716388383  426.008988353   -1.638270660
 1449.484053146  425.942258962    1.551523955
 1451.251717909  431.479314942    4.604471151
 1453.019382672  441.843313391    6.920335451
 1454.787047435  455.285346802    8.025609581
 1456.554712197  469.454224644    7.744385715
 1458.322376960  482.024486572    6.279562200
 1460.090041723  491.307073195    4.115762849
 1461.857706486  496.557016187    1.808717391
 1463.625371249  497.928135696   -0.228652089
 1465.393036012  496.147965388   -1.722858136
 1467.160700774  492.344202399   -2.488376916
 1468.928365537  487.944977706   -2.377033318
 1470.696030300  484.553148898   -1.364620799
 1472.463695063  483.604565404    0.328842699
 1474.231359826  485.932721851    2.256349674
 1475.999024589  491.509700688    3.946057754
 1477.766689351  499.632954650    5.115579551
 1479.534354114  509.335566781    5.745385191
 1481.302018877  519.739037706    5.922378506
 1483.069683640  530.082045717    5.666303568
 1484.837348403  539.538098845    4.908193292
 1486.605013166  547.137934162    3.555005821
 1488.372677928  551.832312124    1.637208605
 1490.140342691  552.756445322   -0.673007761
 1491.908007454  549.461801627   -3.079080052
 1493.675672217  542.090587768   -5.224109452
 1495.443336980  531.438602036   -6.731113854
 1497.211001742  518.935421494   -7.267313317
 1498.978666505  506.499951222   -6.633059744
 1500.746331268  496.230694321   -4.843366281
 1502.513996031  489.954359520   -2.189871842
 1504.281660794  488.740862298    0.786511957
 1506.049325557  492.613998002    3.471387498
 1507.816990319  500.613410582    5.399060622
 1509.584655082  511.198037299    6.387796911
 1511.352319845  522.718440953    6.479083402
 1513.119984608  533.704954499    5.809601595
 1514.887649371  542.971722303    4.568058993
 1516.655314134  549.709704392    2.991065234
 1518.422978896  553.590353430    1.384682155
 1520.190643659  554.807167762    0.006484074
 1521.958308422  553.886525592   -1.027865234
 1523.725973185  551.421995340   -1.763106772
 1525.493637948  547.870387228   -2.259741551
 1527.261302711  543.661407041   -2.484533294
 1529.028967473  539.407595489   -2.271118106
 1530.796632236  536.071258784   -1.421645125
 1532.564296999  534.876609117    0.148440904
 1534.331961762  537.005009866    2.300132740
 1536.099626525  543.191859149    4.663142386
 1537.867291288  553.386142957    6.756683873
 1539.634956050  566.691670421    8.113613565
 1541.402620813  581.517188998    8.442073976
 1543.170285576  595.966720975    7.706595549
 1544.937950339  608.311676576    6.110308343
 1546.705615102  617.343146448    4.032319397
 1548.473279864  622.575316610    1.867208595
 1550.240944627  624.140517650   -0.074881961
 1552.008609390  622.606544242   -1.619946401
 1553.776274153  618.780332624   -2.657137877
 1555.543938916  613.652794787   -3.067342205
 1557.311603679  608.428840794   -2.754177643
 1559.079268441  604.412083459   -1.711715289
 1560.846933204  602.771103589   -0.107722537
 1562.614597967  604.236269161    1.749590745
 1564.382262730  608.964542883    3.539032758
 1566.149927493  616.612693909    5.019813879
 1567.917592256  626.486967966    6.039390737
 1569.685257018  637.656947252    6.463163302
 1571.452921781  648.973373359    6.192541352
 1573.220586544  659.177451947    5.213924134
 1574.988251307  667.115374489    3.663446870
 1576.755916070  671.997277640    1.805596723
 1578.523580833  673.549563516   -0.055460031
 1580.291245595  672.008653511   -1.658428312
 1582.058910358  668.017128661   -2.804288301
 1583.826575121  662.535407335   -3.307917011
 1585.594239884  656.847628203   -3.014174392
 1587.361904647  652.456732553   -1.841759864
 1589.129569409  650.865974691    0.122989158
 1590.897234172  653.241161262    2.591288473
 1592.664898935  660.145792021    5.184186146
 1594.432563698  671.500507855    7.583132556
 1596.200228461  686.759246200    9.578451187
 1597.967893224  705.068016428   11.004477891
 1599.735557986  725.261262763   11.672798736
 1601.503222749  745.813691201   11.382760286
 1603.270887512  764.911757563   10.023539267
 1605.038552275  780.717275281    7.691589677
 1606.806217038  791.751161799    4.687569043
 1608.573881801  797.198064572    1.446805595
 1610.341546563  797.065618231   -1.548925868
 1612.109211326  792.195232986   -3.841510583
 1613.876876089  784.160217468   -5.082017123
 1615.644540852  774.990367978   -5.119064612
 1617.412205615  766.756457781   -4.063656719
 1619.179870378  761.104748314   -2.272854475
 1620.947535140  758.911092681   -0.231018502
 1622.715199903  760.207512091    1.619566358
 1624.482864666  764.386221058    3.004514518
 1626.250529429  770.523746777    3.834496878
 1628.018194192  777.653613992    4.131331020
 1629.785858955  784.863319430    3.934025321
 1631.553523717  791.295386227    3.250053752
 1633.321188480  796.112138039    2.114950380
 1635.088853243  798.599060079    0.638112108
 1636.856518006  798.316312374   -0.977888087
 1638.624182769  795.232268622   -2.496122216
 1640.391847531  789.725243502   -3.686474868
 1642.159512294  782.533930640   -4.373858292
 1643.927177057  774.657964985   -4.451220245
 1645.694841820  767.223681559   -3.871642408
 1647.462506583  761.363074757   -2.685498347
 1649.230171346  758.034586977   -1.037369095
 1650.997836108  757.870093274    0.852943836
 1652.765500871  761.081585681    2.742705639
 1654.533165634  767.460245360    4.406017820
 1656.300830397  776.437498597    5.654031688
 1658.068495160  787.145159773    6.343791022
 1659.836159923  798.517282740    6.397220469
 1661.603824685  809.412661370    5.810961852
 1663.371489448  818.768681587    4.674629655
 1665.139154211  825.753192232    3.165905446
 1666.906818974  829.905363592    1.507715106
 1668.674483737  831.188138317   -0.038781814
 1670.442148500  830.036870817   -1.203214727
 1672.209813262  827.351195542   -1.736173343
 1673.977478025  824.411286569   -1.473304642
 1675.745142788  822.652939253   -0.419573533
 1677.512807551  823.321163619    1.229233491
 1679.280472314  827.181164433    3.132239542
 1681.048137076  834.376732168    4.954764888
 1682.815801839  844.535483268    6.455145298
 1684.583466602  856.947408454    7.486390971
 1686.351131365  870.679365421    7.931070145
 1688.118796128  884.598104347    7.680136527
 1689.886460891  897.420196260    6.692808167
 1691.654125653  907.905118656    5.062765188
 1693.421790416  915.108745878    3.033875042
 1695.189455179  918.612727778    0.928105287
 1696.957119942  918.567490599   -0.935416137
 1698.724784705  915.622416499   -2.324183432
 1700.492449468  910.752855277   -3.090522101
 1702.260114230  905.135230165   -3.160587886
 1704.027778993  900.031839499   -2.513877563
 1705.795443756  896.669518591   -1.206568041
 1707.563108519  896.081662899    0.590540759
 1709.330773282  898.904319593    2.599286834
 1711.098438045  905.222545700    4.495172842
 1712.866102807  914.564717824    5.976302353
 1714.633767570  925.991355564    6.828035181
 1716.401432333  938.277886803    6.940157934
 1718.169097096  950.109354027    6.323314965
 1719.936761859  960.294056780    5.106726486
 1721.704426621  967.962154526    3.522863951
 1723.472091384  972.710306982    1.846986978
 1725.239756147  974.608684872    0.332914736
 1727.007420910  974.106360915   -0.850789063
 1728.775085673  971.859544645   -1.637098733
 1730.542750436  968.578811308   -2.024106952
 1732.310415198  964.946222040   -2.036563550
 1734.078079961  961.603525602   -1.700489795
 1735.845744724  959.146700307   -1.038509071
 1737.613409487  958.114962063   -0.096099654
 1739.381074250  958.930357034    1.033234384
 1741.148739013  961.808616543    2.213566191
 1742.916403775  966.703921437    3.289494013
 1744.684068538  973.310038211    4.133303592
 1746.451733301  981.145266214    4.672968366
 1748.219398064  989.658893157    4.905819245
 1749.987062827  998.336820198    4.866180510
 1751.754727590 1006.739128933    4.597609570
 1753.522392352 1014.489716807    4.135687104
 1755.290057115 1021.276457306    3.513569657
 1757.057721878 1026.857053825    2.779714928
 1758.825386641 1031.086889324    1.995183140
 1760.593051404 1033.927561708    1.215690532
 1762.360716167 1035.430967536    0.490374867
 1764.128380929 1035.736716725   -0.127869306
 1765.896045692 1035.091989426   -0.574891627
 1767.663710455 1033.855158582   -0.785561516
 1769.431375218 1032.473703588   -0.741192903
 1771.199039981 1031.373608118   -0.476623405
 1772.966704743 1030.872426521   -0.081143118
 1774.734369506 1031.110008805    0.345388022
 1776.502034269 1032.064684183    0.719834046
 1778.269699032 1033.599242982    0.997829958
 1780.037363795 1035.530096681    1.167449621
 1781.805028558 1037.672022381    1.240396003
 1783.572693320 1039.869864826    1.234255807
 1785.340358083 1042.000479396    1.167075814
 1787.108022846 1043.969662368    1.053454217
 1788.875687609 1045.706753709    0.905914968
 1790.643352372 1047.163454309    0.737790335
 1792.411017135 1048.315884723    0.565438442
 1794.178681897 1049.171464199    0.403371591
 1795.946346660 1049.760455717    0.266355793
 1797.714011423 1050.134651041    0.161202308
 1799.481676186 1050.352136711    0.088632391
 1801.249340949 1050.466815922    0.043931254
 1803.017005712 1050.521572773    0.019275965
 1804.784670474 1050.544665992    0.007518973
 1806.552335237 1050.553311689    0.002583719
 1808.320000000 1050.556206294    0.000745768
