#! FIELDS c file.free der_c
#! SET min_c -17.6777
#! SET max_c 724.452
#! SET nbins_c  421
#! SET periodic_c false
  -17.677700000 1023.087754811   -1.219419461
  -15.910724524 1019.149113872   -3.611951447
  -14.143749048 1008.375187334   -9.331711656
  -12.376773571  982.665259334  -20.971843715
  -10.609798095  929.347604371  -40.817351002
   -8.842822619  833.737222494  -68.366281120
   -7.075847143  686.614250683  -97.579200867
   -5.308871667  494.800264099 -116.686099168
   -3.541896190  287.768919790 -113.070312275
   -1.774920714  111.760359358  -81.814983845
   -0.007945238   10.020941197  -31.580677351
    1.759030238    0.000000000   18.454590752
    3.526005714   63.958063065   49.804494943
    5.292981190  160.585434318   55.508450587
    7.059956667  248.738427508   42.147849256
    8.826932143  306.004619490   22.721984089
   10.593907619  331.652365481    7.522390124
   12.360883095  337.137962426   -0.092815516
   14.127858571  334.671982000   -2.018831446
   15.894834048  331.398979361   -1.486950563
   17.661809524  329.594835728   -0.562315229
   19.428785000  329.223565344    0.103742238
   21.195760476  329.883265196    0.363308585
   22.962735952  330.687701356    0.476399027
   24.729711429  331.313223885    0.179814438
   26.496686905  331.183337266   -0.350188951
   28.263662381  330.152791679   -0.817627067
   30.030637857  328.585107880   -0.953936827
   31.797613333  327.108940467   -0.722900318
   33.564588810  326.206389269   -0.337270329
   35.331564286  325.915312798   -0.067454336
   37.098539762  325.889742363   -0.043925513
   38.865515238  325.725222359   -0.211206682
   40.632490714  325.222678373   -0.393119506
   42.399466190  324.487596564   -0.453733245
   44.166441667  323.783881719   -0.359106993
   45.933417143  323.342600546   -0.175277425
   47.700392619  323.235357902    0.001668102
   49.467368095  323.375130490    0.099367661
   51.234343571  323.601867803    0.093382111
   53.001319048  323.754286487    0.025714034
   54.768294524  323.766233058   -0.057084071
   56.535270000  323.655137520   -0.102350421
   58.302245476  323.512890387   -0.095399737
   60.069220952  323.425755460   -0.046676112
   61.836196429  323.436264402    0.015423145
   63.603171905  323.543613518    0.058115245
   65.370147381  323.704274856    0.071767995
   67.137122857  323.858807636    0.055613632
   68.904098333  323.955377338   -0.001278606
   70.671073810  323.912797776   -0.096098338
   72.438049286  323.687518058   -0.198478658
   74.205024762  323.327677376   -0.235531060
   75.972000238  323.014370190   -0.140883823
   77.738975714  322.966635456    0.050219450
   79.505951190  323.253000635    0.213816959
   81.272926667  323.704058707    0.217965208
   83.039902143  324.003414003    0.055544072
   84.806877619  323.945484094   -0.156890274
   86.573853095  323.584482114   -0.275715340
   88.340828571  323.149924530   -0.237657086
   90.107804048  322.872756592   -0.116711990
   91.874779524  322.810775863   -0.006583939
   93.641755000  322.893959947    0.054309199
   95.408730476  323.062877253    0.090177407
   97.175705952  323.309226838    0.147309983
   98.942681429  323.676764695    0.222330681
  100.709656905  324.163117596    0.276544400
  102.476632381  324.694599197    0.266723650
  104.243607857  325.151201134    0.197772750
  106.010583333  325.455650447    0.105924873
  107.777558810  325.618873048    0.039874580
  109.544534286  325.726548664    0.047302678
  111.311509762  325.904044225    0.120259742
  113.078485238  326.242839547    0.223077863
  114.845460714  326.764300280    0.315006998
  116.612436190  327.412422453    0.363277365
  118.379411667  328.085300592    0.338312870
  120.146387143  328.639589089    0.232309814
  121.913362619  328.962722197    0.089667013
  123.680338095  329.075040013    0.014112563
  125.447313571  329.189002619    0.099212965
  127.214289048  329.601341661    0.339325239
  128.981264524  330.480396165    0.602935408
  130.748240000  331.725507165    0.725854492
  132.515215476  333.000379637    0.637409422
  134.282190952  333.971381766    0.405413998
  136.049166429  334.509548763    0.176466274
  137.816141905  334.737373089    0.051990011
  139.583117381  334.852755599    0.050732339
  141.350092857  335.028664867    0.113266743
  143.117068333  335.339868172    0.192672746
  144.884043810  335.817868681    0.310994287
  146.651019286  336.553863793    0.492103706
  148.417994762  337.662947381    0.710093338
  150.184970238  339.121578021    0.881812159
  151.951945714  340.752143084    0.886384323
  153.718921190  342.219379788    0.704074610
  155.485896667  343.244033249    0.402672192
  157.252872143  343.731841566    0.116573487
  159.019847619  343.817567133   -0.031961267
  160.786823095  343.816238311    0.018731660
  162.553798571  344.072406774    0.249596266
  164.320774048  344.828452143    0.565178920
  166.087749524  346.113686211    0.828086468
  167.854725000  347.720303885    0.911912361
  169.621700476  349.292349177    0.784318403
  171.388675952  350.502172782    0.533702339
  173.155651429  351.265995839    0.309767360
  174.922626905  351.768008773    0.244601975
  176.689602381  352.317466244    0.353053075
  178.456577857  353.120397389    0.510407555
  180.223553333  354.129433997    0.558324766
  181.990528810  355.081243926    0.450137862
  183.757504286  355.757420372    0.272611891
  185.524479762  356.161991001    0.166289471
  187.291455238  356.506896471    0.199260841
  189.058430714  357.011068770    0.339903035
  190.825406190  357.792194355    0.498286814
  192.592381667  358.817822777    0.608948790
  194.359357143  359.977039092    0.647664327
  196.126332619  361.126090354    0.591385876
  197.893308095  362.073882167    0.415932417
  199.660283571  362.601303803    0.122153227
  201.427259048  362.548959306   -0.216604943
  203.194234524  361.954227598   -0.473556686
  204.961210000  361.087123829   -0.504596403
  206.728185476  360.416446942   -0.249226536
  208.495160952  360.417089177    0.231347978
  210.262136429  361.342582013    0.759332227
  212.029111905  363.059034511    1.089965850
  213.796087381  365.045773391    1.050487966
  215.563062857  366.646362013    0.679412029
  217.330038333  367.460465499    0.205791190
  219.097013810  367.561555547   -0.088749231
  220.863989286  367.416572990   -0.059780795
  222.630964762  367.570094883    0.220126664
  224.397940238  368.301438118    0.550195654
  226.164915714  369.514737916    0.745648121
  227.931891190  370.868607618    0.707802572
  229.698866667  371.957865323    0.446775771
  231.465842143  372.467533627    0.084492215
  233.232817619  372.368641033   -0.212486353
  234.999793095  371.932304319   -0.273683494
  236.766768571  371.645226080   -0.050318584
  238.533744048  371.932557424    0.342694145
  240.300719524  372.894616452    0.676633625
  242.067695000  374.239871573    0.752407964
  243.834670476  375.457155024    0.543089932
  245.601645952  376.159790645    0.213524849
  247.368621429  376.349538104    0.003538913
  249.135596905  376.416227194    0.079599317
  250.902572381  376.867801139    0.418002168
  252.669547857  377.984551403    0.791285624
  254.436523333  379.588090009    0.927931856
  256.203498810  381.125560835    0.711674454
  257.970474286  382.036823173    0.256231562
  259.737449762  382.121160582   -0.171213175
  261.504425238  381.663766456   -0.333146586
  263.271400714  381.223966021   -0.154103947
  265.038376190  381.323570440    0.251891027
  266.805351667  382.199311121    0.689112499
  268.572327143  383.753887940    0.995227259
  270.339302619  385.679566428    1.106880497
  272.106278095  387.619088589    1.013611484
  273.873253571  389.233159647    0.745586200
  275.640229048  390.253712762    0.358422255
  277.407204524  390.565864115   -0.036358617
  279.174180000  390.306852805   -0.248053354
  280.941155476  389.964121898   -0.118307272
  282.708130952  390.171414475    0.354672758
  284.475106429  391.358054828    0.931334310
  286.242081905  393.386870720    1.259934276
  288.009057381  395.601455281    1.131400197
  289.776032857  397.261314093    0.679562282
  291.543008333  398.104351764    0.275702007
  293.309983810  398.514787534    0.213444491
  295.076959286  399.137658655    0.487192557
  296.843934762  400.340293406    0.817310415
  298.610910238  401.962489130    0.932907809
  300.377885714  403.561289795    0.812346875
  302.144861190  404.894045690    0.678052771
  303.911836667  406.164452028    0.759276714
  305.678812143  407.793506932    1.059561157
  307.445787619  409.943305264    1.288428015
  309.212763095  412.139998058    1.056224313
  310.979738571  413.360989635    0.193591495
  312.746714048  412.653044647   -1.056387592
  314.513689524  409.838338447   -2.077249619
  316.280665000  405.905474410   -2.235583968
  318.047640476  402.678934985   -1.280754561
  319.814615952  401.902935623    0.428667646
  321.581591429  404.230814736    2.083746242
  323.348566905  408.801447691    2.850143080
  325.115542381  413.636558981    2.385324767
  326.882517857  416.771569587    1.034176976
  328.649493333  417.332113303   -0.370471948
  330.416468810  415.974173739   -1.036252214
  332.183444286  414.342432914   -0.692353438
  333.950419762  413.986413160    0.309875835
  335.717395238  415.510558420    1.330059068
  337.484370714  418.483621322    1.899549698
  339.251346190  421.995934176    1.963767481
  341.018321667  425.336459633    1.748700615
  342.785297143  428.220039336    1.474449918
  344.552272619  430.609485780    1.184912635
  346.319248095  432.422585600    0.808368718
  348.086223571  433.447629131    0.291532932
  349.853199048  433.458428270   -0.325000104
  351.620174524  432.364748159   -0.944478732
  353.387150000  430.283397134   -1.417977627
  355.154125476  427.632941598   -1.545254647
  356.921100952  425.223379845   -1.111666901
  358.688076429  424.168395405   -0.014191008
  360.455051905  425.505691345    1.523486075
  362.222027381  429.529384409    2.899330539
  363.989002857  435.279988571    3.362749818
  365.755978333  440.666338619    2.463502578
  367.522953810  443.352201486    0.402594571
  369.289929286  441.966821917   -1.966725214
  371.056904762  436.946607758   -3.539428799
  372.823880238  430.457970462   -3.554220938
  374.590855714  425.401358608   -1.989068202
  376.357831190  423.999186805    0.413809843
  378.124806667  426.751452110    2.523168654
  379.891782143  432.244396152    3.398516651
  381.658757619  437.932924822    2.764866499
  383.425733095  441.471257421    1.100510421
  385.192708571  441.844433711   -0.639918035
  386.959684048  439.761618280   -1.562071200
  388.726659524  437.104359434   -1.280597512
  390.493635000  435.867794321   -0.045571110
  392.260610476  437.173028200    1.471185943
  394.027585952  440.882975876    2.568337732
  395.794561429  445.834580241    2.841252624
  397.561536905  450.508619557    2.288267096
  399.328512381  453.689358598    1.223635673
  401.095487857  454.874891249    0.113280688
  402.862463333  454.378509832   -0.614863697
  404.629438810  453.145073592   -0.692917069
  406.396414286  452.394423515   -0.090825938
  408.163389762  453.170892444    0.979293880
  409.930365238  455.953377740    2.089829739
  411.697340714  460.360243622    2.750697106
  413.464316190  465.252246972    2.597092003
  415.231291667  469.125237637    1.638063269
  416.998267143  470.870939322    0.289042735
  418.765242619  470.368760345   -0.785752032
  420.532218095  468.666188178   -1.004622686
  422.299193571  467.511042821   -0.175722792
  424.066169048  468.537834977    1.365428454
  425.833144524  472.410503261    2.912343034
  427.600120000  478.439294350    3.692450663
  429.367095476  484.797852043    3.248499461
  431.134070952  489.332448306    1.705600556
  432.901046429  490.653876342   -0.229178859
  434.668021905  488.944884205   -1.556126677
  436.434997381  486.029165742   -1.518932015
  438.201972857  484.488664773   -0.064464008
  439.968948333  486.278180682    2.077009667
  441.735923810  491.626781933    3.777627273
  443.502899286  498.898031935    4.151542505
  445.269874762  505.474424145    3.036999625
  447.036850238  509.168334225    1.044508487
  448.803825714  509.323933848   -0.790648357
  450.570801190  507.088487259   -1.540497239
  452.337776667  504.802724896   -0.845026150
  454.104752143  504.805553784    0.936239190
  455.871727619  508.283897821    2.913308421
  457.638703095  514.716933271    4.140322968
  459.405678571  522.205895915    4.068368306
  461.172654048  528.460649107    2.820744850
  462.939629524  531.943929708    1.079369632
  464.706605000  532.562082395   -0.287548801
  466.473580476  531.574055436   -0.675364268
  468.240555952  530.867472055    0.003936036
  470.007531429  532.035017120    1.345856984
  471.774506905  535.701174439    2.723899292
  473.541482381  541.422170193    3.595924458
  475.308457857  548.025984232    3.707927240
  477.075433333  554.174775541    3.117884739
  478.842408810  558.847601815    2.092771154
  480.609384286  561.577064721    0.985862680
  482.376359762  562.532356070    0.136517713
  484.143335238  562.432803799   -0.170293608
  485.910310714  562.385217799    0.196509621
  487.677286190  563.512751245    1.098219815
  489.444261667  566.402707793    2.109216411
  491.211237143  570.751414381    2.663255166
  492.978212619  575.389075389    2.408731851
  494.745188095  578.901075632    1.457868830
  496.512163571  580.503858311    0.358867726
  498.279139048  580.543762638   -0.202771013
  500.046114524  580.380265129    0.137953248
  501.813090000  581.520582539    1.195238592
  503.580065476  584.690138811    2.303060555
  505.347040952  589.314599967    2.750351808
  507.114016429  593.872961392    2.223282065
  508.880991905  596.829013266    1.026108258
  510.647967381  597.588284414   -0.124068779
  512.414942857  596.861741607   -0.576818425
  514.181918333  596.161285980   -0.100289742
  515.948893810  596.919526572    0.989290457
  517.715869286  599.697031573    2.069727470
  519.482844762  603.938152172    2.571844749
  521.249820238  608.356875476    2.265548707
  523.016795714  611.637240917    1.352573086
  524.783771190  613.120026094    0.323859706
  526.550746667  613.083565671   -0.290438136
  528.317722143  612.572744360   -0.185221759
  530.084697619  612.858611583    0.567995616
  531.851673095  614.786656029    1.587056992
  533.618648571  618.375406456    2.363612577
  535.385624048  622.830343621    2.530022911
  537.152599524  626.982863861    2.053195162
  538.919575000  629.937788277    1.248716847
  540.686550476  631.535153990    0.593281735
  542.453525952  632.387322729    0.441857188
  544.220501429  633.474633545    0.844695391
  545.987476905  635.609123509    1.571972940
  547.754452381  639.057552024    2.264382383
  549.521427857  643.455939688    2.605270954
  551.288403333  647.997067191    2.416516322
  553.055378810  651.761604165    1.753948708
  554.822354286  654.153348603    0.937245513
  556.589329762  655.294522790    0.411005184
  558.356305238  656.019894974    0.499417041
  560.123280714  657.445641013    1.161269994
  561.890256190  660.278734983    2.003800283
  563.657231667  664.387712777    2.532486289
  565.424207143  668.924435238    2.473125458
  567.191182619  672.890178482    1.939608420
  568.958158095  675.774157644    1.323247761
  570.725133571  677.808733858    1.030605974
  572.492109048  679.753782631    1.218885023
  574.259084524  682.354097074    1.727937143
  576.026060000  685.869089437    2.191614085
  577.793035476  689.920675656    2.291852878
  579.560010952  693.758330282    1.960740793
  581.326986429  696.761254568    1.402986661
  583.093961905  698.832401318    0.964313690
  584.860937381  700.454542887    0.925564286
  586.627912857  702.415671061    1.337950861
  588.394888333  705.366612782    1.993772911
  590.161863810  709.451800939    2.565492818
  591.928839286  714.267615521    2.793347097
  593.695814762  719.128570066    2.624052744
  595.462790238  723.450011018    2.225588362
  597.229765714  727.048236683    1.846099574
  598.996741190  730.140623383    1.673179707
  600.763716667  733.141320344    1.735719846
  602.530692143  736.384098151    1.923019331
  604.297667619  739.964335612    2.092015629
  606.064643095  743.759984893    2.164827685
  607.831618571  747.612728533    2.166078959
  609.598594048  751.469092278    2.183348260
  611.365569524  755.410380237    2.267288649
  613.132545000  759.532608158    2.374702840
  614.899520476  763.797181200    2.415922525
  616.666495952  768.036666089    2.343862368
  618.433471429  772.094085927    2.231140127
  620.200446905  776.010732558    2.205669684
  621.967422381  780.023128864    2.340446931
  623.734397857  784.383496160    2.580131570
  625.501373333  789.150416284    2.777362504
  627.268348810  794.132150994    2.811527259
  629.035324286  799.024789646    2.684776131
  630.802299762  803.622523580    2.500100198
  632.569275238  807.921224001    2.355919089
  634.336250714  812.030065244    2.283197448
  636.103226190  816.040273289    2.240980034
  637.870201667  819.981461311    2.203982842
  639.637177143  823.893798618    2.223390156
  641.404152619  827.957194787    2.391596510
  643.171128095  832.486351272    2.737677532
  644.938103571  837.721710383    3.170083831
  646.705079048  843.652027276    3.488203689
  648.472054524  849.919316959    3.540165178
  650.239030000  856.026677801    3.320815348
  652.006005476  861.615573554    2.986987933
  653.772980952  866.666332897    2.742577504
  655.539956429  871.463435281    2.709909915
  657.306931905  876.387700289    2.872199171
  659.073907381  881.690219827    3.117724805
  660.840882857  887.398946436    3.313637639
  662.607858333  893.351903364    3.387197139
  664.374833810  899.324945485    3.341363103
  666.141809286  905.151213694    3.235384539
  667.908784762  910.793085365    3.143470812
  669.675760238  916.331095714    3.129654799
  671.442735714  921.934741566    3.217882422
  673.209711190  927.777641365    3.391784739
  674.976686667  933.959757497    3.592534435
  676.743662143  940.458408894    3.732778365
  678.510637619  947.105427749    3.758527592
  680.277613095  953.691604386    3.669577616
  682.044588571  960.066009968    3.533084003
  683.811564048  966.217027558    3.429464147
  685.578539524  972.244704474    3.394306599
  687.345515000  978.254594619    3.399711286
  689.112490476  984.260940943    3.380570499
  690.879465952  990.166547487    3.279134773
  692.646441429  995.805290918    3.078977882
  694.413416905 1001.016566164    2.801301254
  696.180392381 1005.694577778    2.482858138
  697.947367857 1009.797559090    2.153930575
  699.714343333 1013.322334828    1.833178108
  701.481318810 1016.289958712    1.521512931
  703.248294286 1018.716544007    1.223492519
  705.015269762 1020.631020406    0.942822942
  706.782245238 1022.073623811    0.691585489
  708.549220714 1023.106324137    0.480755845
  710.316196190 1023.806052401    0.315752271
  712.083171667 1024.253457375    0.195015296
  713.850147143 1024.521723973    0.112570519
  715.617122619 1024.671740671    0.059914561
  717.384098095 1024.748668570    0.029253263
  719.151073571 1024.784972475    0.012722691
  720.918049048 1024.800285795    0.004861522
  722.685024524 1024.805910259    0.001665196
  724.452000000 1024.807704087    0.000546738
