 100450
 17830
 17890
 17970
 17980
 17990
 18000
 18010
 18030
 18040
 18060
 18070
 18080
 18090
 18100
 18110
 18120
 18130
 18140
 18150
 18160
 18170
 18190
 18200
 18220
 18230
 18240
 18250
 18270
 18280
 18300
 18310
 18320
 18330
 18340
 18350
 18360
 18370
 18380
 18390
 18400
 18410
 18420
 18430
 18440
 18450
 18460
 18470
 18480
 18490
 18500
 18510
 18520
 18530
 18550
 18560
 18570
 18580
 18590
 18600
 18610
 18620
 18640
 18650
 18660
 18670
 18680
 18690
 18700
 18710
 18720
 18730
 18740
 18750
 18760
 18770
 18780
 18790
 18800
 18810
 18820
 18830
 18850
 18860
 18900
 18920
 18930
 18940
 18950
 18960
 18970
 18980
 18990
 19000
 19010
 19020
 19030
 19040
 19050
 19060
 19070
 19080
 19090
 19100
 19110
 19120
 19130
 19140
 19150
 19160
 19170
 19180
 19190
 19200
 19210
 19220
 19230
 19240
 19250
 19260
 19270
 19280
 19290
 19300
 19310
 19320
 19330
 19340
 19350
 19360
 19370
 19380
 19390
 19400
 19410
 19420
 19430
 19440
 19450
 19460
 19470
 19480
 19490
 19500
 19510
 19520
 19530
 19540
 19550
 19560
 19570
 19580
 19590
 19600
 19610
 19620
 19630
 19640
 19650
 19660
 19670
 19680
 19690
 19700
 19710
 19720
 19730
 19740
 19750
 19760
 19770
 19780
 19790
 19800
 19810
 19820
 19830
 19840
 19850
 19860
 19870
 19880
 19890
 19900
 19910
 19920
 19930
 19940
 19950
 19960
 19970
 19980
 19990
 20000
 20010
 20020
 20030
 20040
 20050
 20060
 20070
 20080
 20090
 20100
 20110
 20120
 20130
 20140
 20150
 20160
 20170
 20180
 20190
 20200
 20210
 20220
 20230
 20240
 20250
 20260
 20270
 20280
 20290
 20300
 20310
 20320
 20330
 20340
 20350
 20360
 20370
 20380
 20390
 20400
 20410
 20420
 20430
 20440
 20450
 20460
 20470
 20480
 20490
 20500
 20510
 20520
 20530
 20540
 20550
 20560
 20570
 20580
 20590
 20600
 20610
 20620
 20630
 20640
 20650
 20660
 20670
 20680
 20690
 20700
 20710
 20720
 20730
 20740
 20750
 20760
 20770
 20780
 20790
 20800
 20810
 20820
 20830
 20840
 20850
 20860
 20870
 20880
 20890
 20900
 20910
 20920
 20930
 20940
 20950
 20960
 20970
 20980
 20990
 21000
 21010
 21020
 21030
 21040
 21050
 21060
 21070
 21080
 21090
 21100
 21110
 21120
 21130
 21140
 21150
 21160
 21170
 21180
 21190
 21200
 21210
 21220
 21230
 21250
 21260
 21270
 21280
 21290
 21300
 21310
 21320
 21330
 21340
 21360
 21370
 21380
 21390
 21400
 21410
 21420
 21430
 21440
 21450
 21460
 21470
 21480
 21490
 21500
 21510
 21520
 21540
 21550
 21560
 21570
 21580
 21590
 21600
 21610
 21620
 21630
 21640
 21650
 21660
 21670
 21680
 21690
 21700
 21710
 21720
 21730
 21740
 21750
 21760
 21770
 21780
 21790
 21800
 21810
 21820
 21830
 21840
 21850
 21860
 21870
 21880
 21890
 21900
 21910
 21920
 21930
 21940
 21950
 21960
 21970
 21980
 21990
 22000
 22010
 22020
 22030
 22040
 22050
 22060
 22070
 22080
 22090
 22100
 22110
 22120
 22130
 22140
 22150
 22160
 22170
 22180
 22190
 22200
 22210
 22230
 95800
 96150
 96180
 96190
 96350
 96380
 96400
 96410
 96420
 96440
 96450
 96460
 96470
 96480
 96540
 96630
 96640
 96740
