 22060
 22070
 22080
 22090
 22100
 22130
 22140
 22150
 22160
 22170
 22180
 22190
 22200
 22210
 22220
 22240
 22250
 22260
 22270
 22280
 22290
 22300
 22310
 22330
 22340
 22380
 22390
 22400
 22410
 22430
 22440
 22450
 22460
 22470
 22480
 22490
 22500
 22540
 22620
 22640
 22650
 22660
 22670
 22680
 22690
 22700
 22710
 22720
 22730
 22740
 22750
 22760
 22770
 22780
 22790
 22800
 22810
 22820
 22830
 22840
 22850
 22860
 22870
 22880
 22890
 22900
 22910
 22920
 22930
 22940
 22950
 22960
 22970
 22980
 22990
 23000
 23010
 23020
 23030
 23040
 23050
 23060
 23070
 23080
 23090
 23100
 23110
 23120
 23130
 23140
 23150
 23160
 23170
 23180
 23190
 23200
 23210
 23220
 23230
 23240
 23250
 23260
 23270
 23280
 23290
 23300
 23310
 23320
 23330
 23340
 23350
 23360
 23370
 23380
 23390
 23400
 23410
 23420
 23430
 23440
 23450
 23460
 23470
 23480
 23490
 23500
 23510
 23520
 23530
 23540
 23550
 23560
 23570
 23580
 23590
 23600
 23610
 23620
 23630
 23640
 23650
 23660
 23670
 23680
 23690
 23700
 23710
 23720
 23730
 23740
 23750
 23760
 23770
 23780
 23790
 23800
 23810
 23820
 23830
 23840
 23850
 23860
 23870
 23880
 23890
 23900
 23910
 23920
 23930
 23940
 23950
 23960
 23970
 23980
 23990
 24000
 24010
 24020
 24030
 24040
 24050
 24060
 24070
 24080
 24090
 24100
 24110
 24120
 24130
 24140
 24150
 24160
 24170
 24180
 24190
 24200
 24210
 24220
 24230
 24240
 24250
 24260
 24270
 24280
 24290
 24300
 24310
 24320
 24330
 24340
 24350
 24360
 24370
 24380
 24390
 24400
 24410
 24420
 24430
 24440
 24450
 24460
 24470
 24480
 24490
 24500
 24510
 24520
 24530
 24540
 24550
 24560
 24570
 24580
 24590
 24600
 24610
 24620
 24630
 24640
 24650
 24660
 24670
 24680
 24690
 24700
 28890
 29010
 29030
 29040
 29090
 29100
 29110
 29130
 29170
 29180
 29190
 29200
 29210
 29220
 29230
 29240
 29260
 29270
 29280
 29290
 29300
 29310
 29330
 29340
 29350
 29390
 29400
 29410
 29420
 29430
 29440
 29450
 29470
 29480
 29490
 29500
 29510
 29600
 29610
 29630
 29640
 29660
 29670
 29680
 29690
 29700
 29710
 29720
 29730
 29740
 29750
 29760
 29770
 29780
 29790
 29800
 29810
 29820
 29830
 29840
 29850
 29860
 29870
 29880
 29900
 29910
 29930
 29940
 29950
 29960
 29970
 29980
 29990
 30000
 30010
 30020
 30030
 30040
 30050
 30060
 30070
 30080
 30090
 30100
 30110
 30120
 30130
 30140
 30150
 30160
 30170
 30180
 30190
 30200
 30210
 30220
 30230
 30240
 30250
 30260
 30270
 30280
 30290
 30300
 30310
 30320
 30330
 30340
 30350
 30360
 30370
 30380
 30390
 30400
 30410
 30420
 30430
 30440
 30450
 30460
 30470
 30480
 30490
 30500
 30510
 30520
 30530
 30540
 30550
 30560
 30570
 30580
 30590
 30600
 30610
 30620
 30630
 30640
 30650
 30660
 30670
 30680
 30690
 30700
 30710
 30720
 30730
 30740
 30750
 30760
 30770
 30780
 30790
 30800
 30810
 30820
 30830
 30840
 30850
 30860
 30870
 30880
 30890
 30900
 30910
 30920
 30930
 30940
 30950
 30960
 30970
 30980
 30990
 31000
 31010
 31020
 31030
 31040
 31050
 31060
 31070
 31080
 31090
 31100
 31110
 31120
 31130
 31140
 31150
 31160
 31170
 31180
 31190
 31200
 31210
 31220
 31230
 31240
 31250
 31260
 31270
 31280
 31290
 31300
 31310
 31320
 31330
 31340
 31350
 31360
 31370
 31380
 31390
 31400
 31410
 31420
 31430
 31440
 31450
 31460
 31470
 31480
 31490
 31500
 31510
 31520
 31530
 31540
 31550
 31560
 31590
 31600
 31610
 31620
 31630
 31640
 31650
 31660
 31670
 31690
 31700
 31710
 31720
 31730
 31740
 31750
 31760
 31770
 31790
 31800
 31810
 31820
 31830
 31840
 31850
 31860
 31880
 31890
 31900
 31910
 31920
 31930
 31940
 31950
 31960
 31970
 31980
 31990
 32000
 32010
 32020
 32030
 32040
 32050
 32060
 32070
 32080
 32090
 32100
 32110
 32120
 32130
 32140
 32150
 32160
 32170
 32180
 32190
 32200
 32210
 32220
 32230
 32240
 32250
 32260
 32270
 32280
 32290
 32300
 32310
 32320
 32330
 32340
 32350
 32360
 32370
 32380
 32390
 32400
 32410
 32420
 32430
 32440
 32450
 32460
 32470
 32480
 32490
 32500
 32510
 32520
 32530
 32540
 32550
 32560
 32570
 32580
 32590
 32600
 32610
 32620
 32630
 32640
 32650
 32660
 32670
 32680
 32690
 32700
 32710
 32720
 32730
 32740
 32750
 32760
 32770
 32790
 32800
 32810
 32820
 32830
 32840
 32850
 32870
 32890
 32910
 32920
 32930
 32950
 32960
 32970
 32980
 32990
 33040
 33050
 33060
 33070
 33080
 33090
 33100
 33110
 33120
 33130
 33140
 33150
 33160
 33170
 33180
 33190
 33200
 33210
 33220
 33230
 33240
 33250
 33260
 33270
 33280
 33290
 33300
 33310
 33320
 33330
 33340
 33350
 33360
 33370
 33380
 33390
 33400
 33410
 33420
 33430
 33440
 33450
 33460
 33470
 33510
 33530
 33540
 33610
 33690
 33940
 33950
 33960
 33970
 33980
 33990
 34000
 34010
 34020
 34030
 34040
 34050
 34060
 34070
 34080
 34120
 34130
 34140
 34150
 34160
 34170
 34180
 34190
 34200
 34210
 34220
 34230
 34240
 34250
 34260
 34280
 34300
 34310
 34320
 34330
 34340
 34350
 34360
 34370
 34380
 34390
 34400
 34410
 34420
 34430
 34440
 34450
 34460
 34470
 34480
 34490
 34500
 34510
 34520
 34530
 34540
 34550
 34560
 34570
 34580
 34590
 34600
 34610
 34620
 34630
 34640
 34650
 34660
 34670
 34680
 34690
 34700
 34710
 34720
 34730
 34760
 34780
 34800
 34810
 34820
 34840
 34850
 34860
 34870
 34880
 34890
 34900
 34910
 34920
 34930
 34980
 34990
 35000
 35020
 35100
 35120
 35140
 35150
 35160
 35180
 35190
 35200
 35220
 35240
 35260
 35270
 35280
 35290
 35300
 35310
 35320
 35330
 35360
 35370
 35390
 35400
 35410
 35420
 35430
 35450
 35470
 35490
 35500
 35510
 35520
 35530
 35540
 35550
 35560
 35570
 35590
 35600
 35610
 35620
 35630
 35640
 35650
 35660
 35670
 35680
 35690
 35710
 35720
 35730
 35740
 35750
 35760
 35770
 35780
 35790
 35800
 35810
 35820
 35830
 35840
 35850
 35860
 35870
 35880
 35890
 35900
 35910
 35950
 35960
 35970
 35980
 35990
 36010
 36030
 36040
 36060
 36070
 36080
 36090
 36120
 36130
 36140
 36150
 36170
 36180
 36190
 36210
 36220
 36230
 36240
 36250
 36270
 36280
 36290
 36310
 36320
 36350
 36360
 36370
 36380
 36390
 36400
 36410
 36420
 36430
 36440
 36450
 36480
 36490
 36500
 36570
 36580
 36590
 36600
 36610
 36620
 36630
 36640
 36660
 36670
 36680
 36690
 36700
 36710
 36720
 36730
 36740
 36750
 36760
 36770
 36780
 36790
 36800
 36810
 36820
 36830
 36840
 36850
 36860
 36870
 36920
 36930
 36940
 36950
 36970
 37000
 37010
 37020
 37030
 37040
 37050
 37060
 37070
 37080
 37090
 37100
 37110
 37120
 37130
 37140
 37150
 37160
 37170
 37180
 37190
 37200
 37210
 37220
 37230
 37240
 37250
 37260
 37270
 37280
 37290
 37300
 37310
 37320
 37330
 37340
 37350
 37360
 37370
 37380
 37390
 37400
 37410
 37420
 37430
 37440
 37450
 37460
 37470
 37480
 37490
 37500
 37510
 37520
 37530
 37540
 37550
 37560
 37570
 37580
 37590
 37600
 37610
 37620
 37630
 37640
 37650
 37660
 37670
 37680
 37690
 37700
 37710
 37720
 37730
 37740
 37750
 37760
 37770
 37790
 37800
 37810
 37880
 37890
 37900
 37980
 37990
 38010
 38030
 38080
 38110
 38120
 38130
 38140
 38150
 38200
 38230
 38240
 38250
 38270
 38280
 38290
 38300
 38310
 38320
 38340
 38350
 38360
 38370
 38380
 38390
 38400
 38420
 38430
 38440
 38450
 38460
 38470
 38480
 38490
 38500
 38510
 38520
 38530
 38540
 38550
 38560
 38570
 38580
 38590
 38600
 38610
 38620
 38630
 38640
 38650
 38660
 38670
 38680
 38690
 38710
 38720
 38730
 38740
 38750
 38760
 38770
 38780
 38790
 38800
 38810
 38820
 38830
 38850
 38860
 38900
 38910
 38940
 38950
 38960
 38970
 38980
 38990
 39000
 39010
 39020
 39030
 39040
 39050
 39120
 39130
 39140
 39150
 39160
 39170
 39180
 39190
 39200
 39220
 39320
 39350
 39360
 39380
 39400
 39410
 39420
 39430
 39440
 39450
 39460
 39470
 39480
 39490
 39510
 39520
 39540
 39560
 39570
 39590
 39600
 39610
 39620
 39630
 39640
 39650
 39660
 39690
 39740
 39750
 39760
 39770
 39780
 39820
 39840
 39850
 39860
 39880
 39890
 39900
 39910
 39920
 39930
 39940
 40190
 40200
 40440
 40540
 40550
 40560
 40580
 40590
 40600
 40610
 40620
 40630
 40640
 40650
 40660
 40670
 40680
 40690
 40700
 40710
 40720
 40730
 40740
 40750
 40760
 40780
 40790
 40800
 40810
 40820
 40830
 40840
 40850
 40860
 40870
 40880
 40890
 40900
 40910
 40920
 40940
 40950
 40960
 40970
 40980
 41030
 41040
 41050
 41060
 41070
 41100
 41120
 41140
 41150
 41160
 41170
 41190
 41200
 41220
 41230
 41240
 41250
 41260
 41270
 41280
 41290
 41300
 41310
 41320
 41330
 41340
 41350
 41360
 41370
 41380
 41390
 41400
 41410
 41420
 41430
 41440
 41450
 41460
 41470
 41480
 41490
 41500
 41510
 41520
 41530
 41540
 41550
 41560
 41570
 41580
 41590
 41600
 41610
 41620
 41630
 41640
 41650
 41660
 41670
 41680
 41690
 41700
 41710
 41720
 41730
 41740
 41750
 41760
 41770
 41780
 41790
 41800
 41810
 41820
 41830
 41840
 41850
 41860
 41870
 41880
 41890
 41900
 41910
 41920
 41930
 41940
 41950
 41960
 41970
 41980
 41990
 42000
 42010
 42020
 42030
 42040
 42050
 42060
 42070
 42080
 42090
 42100
 42110
 42120
 42130
 42140
 42150
 42160
 42170
 42180
 42190
 42200
 42210
 42220
 42230
 42240
 42250
 42260
 42270
 42280
 42290
 42300
 42310
 42320
 42330
 42340
 42350
 42360
 42370
 42380
 42390
 42400
 42410
 42420
 42430
 42440
 42450
 42460
 42470
 42480
 42490
 42500
 42510
 42520
 42530
 42540
 42550
 42560
 42570
 42580
 42590
 42600
 42610
 42620
 42630
 42640
 42650
 42660
 42670
 42680
 42690
 42700
 42710
 42720
 42730
 42740
 42750
 42760
 42770
 42780
 42790
 42800
 42810
 42830
 42850
 42860
 42870
 42880
 42890
 42900
 42910
 42920
 42930
 42940
 42950
 42960
 42970
 42980
 42990
 43000
 43010
 43020
 43030
 43040
 43050
 43060
 43070
 43080
 43090
 43100
 43110
 43120
 43130
 43140
 43150
 43160
 43170
 43180
 43190
 43200
 43210
 43220
 43230
 43240
 43250
 43260
 43270
 43280
 43290
 43300
 43310
 43320
 43330
 43340
 43350
 43360
 43370
 43380
 43390
 43400
 43410
 43420
 43430
 43440
 43450
 43460
 43470
 43480
 43490
 43500
 43510
 43520
 43530
 43540
 43550
 43560
 43570
 43580
 43590
 43600
 43610
 43620
 43630
 43640
 43650
 43660
 43670
 43680
 43690
 43700
 43710
 43720
 43730
 43740
 43750
 43760
 43770
 43780
 43790
 43800
 43810
 43820
 43830
 43840
 43850
 43860
 43870
 43880
 43890
 43900
 43910
 43920
 43930
 43940
 43950
 43960
 43970
 43980
 43990
 44000
 44010
 44020
 44030
 44040
 44050
 44060
 44070
 44080
 44090
 44100
 44110
 44120
 44130
 44140
 44150
 44160
 44170
 44180
 44190
 44200
 44210
 44220
 44230
 44240
 44250
 44260
 44270
 44280
 44290
 44300
 44310
 44320
 44330
 44340
 44350
 44360
 44370
 44380
 44390
 44400
 44410
 44420
 44430
 44440
 44450
 44460
 44470
 44480
 44490
 44500
 44510
 44520
 44530
 44540
 44550
 44560
 44570
 44580
 44590
 44600
 44610
 44620
 44630
 44640
 44650
 44660
 44670
 44680
 44690
 44700
 44710
 44720
 44730
 44740
 44750
 44760
 44770
 44780
 44790
 44800
 44810
 44820
 44830
 44840
 44850
 44860
 44870
 44880
 44890
 44900
 44910
 44920
 44930
 44940
 44950
 44960
 44970
 44980
 44990
 45000
 45010
 45020
 45030
 45040
 45050
 45060
 45070
 45080
 45090
 45100
 45110
 45120
 45130
 45140
 45150
 45160
 45170
 45180
 45190
 45200
 45210
 45220
 45230
 45240
 45250
 45260
 45270
 45280
 45290
 45300
 45310
 45320
 45330
 45340
 45350
 45360
 45370
 45380
 45390
 45400
 45410
 45420
 45430
 45440
 45450
 45460
 45470
 45480
 45490
 45500
 45510
 45520
 45530
 45540
 45550
 45560
 45570
 45580
 45590
 45600
 45610
 45620
 45630
 45640
 45650
 45660
 45670
 45680
 45690
 45700
 45710
 45720
 45730
 45740
 45750
 45760
 45770
 45780
 45790
 45800
 45810
 45820
 45830
 45840
 45850
 45860
 45870
 45880
 45890
 45900
 45910
 45920
 45930
 45940
 45950
 45960
 45970
 45980
 45990
 46000
 46010
 46020
 46030
 46040
 46050
 46060
 46070
 46080
 46090
 46100
 46110
 46120
 46130
 46140
 46150
 46160
 46170
 46180
 46190
 46200
 46210
 46220
 46230
 46240
 46250
 46260
 46270
 46280
 46290
 46300
 46310
 46320
 46330
 46340
 46350
 46360
 46370
 46380
 46390
 46400
 46410
 46420
 46430
 46440
 46450
 46460
 46470
 46480
 46490
 46500
 46510
 46520
 46530
 46540
 46550
 46560
 46570
 46580
 46590
 46600
 46610
 46620
 46630
 46640
 46650
 46660
 46670
 46680
 46690
 46700
 46710
 46720
 46730
 46740
 46750
 46760
 46770
 46780
 46790
 46800
 46810
 46820
 46830
 46840
 46850
 46860
 46870
 46880
 46890
 46900
 46910
 46920
 46930
 46940
 46950
 46960
 46970
 46980
 46990
 47000
 47010
 47020
 47030
 47040
 47050
 47060
 47070
 47080
 47090
 47100
 47110
 47120
 47130
 47140
 47150
 47160
 47170
 47180
 47190
 47200
 47210
 47220
 47230
 47240
 47250
 47260
 47270
 47280
 47290
 47300
 47310
 47320
 47330
 47340
 47350
 47360
 47370
 47380
 47390
 47400
 47410
 47420
 47430
 47440
 47450
 47460
 47470
 47480
 47490
 47500
 47510
 47520
 47530
 47540
 47550
 47560
 47570
 47580
 47590
 47600
 47610
 47620
 47630
 47640
 47650
 47660
 47670
 47680
 47690
 47700
 47710
 47720
 47730
 47740
 47750
 47760
 47770
 47780
 47790
 47800
 47810
 47820
 47830
 47840
 47850
 47860
 47870
 47880
 47890
 47900
 47910
 47920
 47930
 47940
 47950
 47960
 47970
 47980
 47990
 48000
 48010
 48020
 48030
 48040
 48050
 48060
 48070
 48080
 48090
 48100
 48110
 48120
 48130
 48140
 48150
 48160
 48170
 48180
 48190
 48200
 48210
 48220
 48230
 48240
 48250
 48260
 48270
 48280
 48290
 48300
 48310
 48320
 48330
 48340
 48350
 48360
 48370
 48380
 48390
 48400
 48410
 48420
 48430
 48440
 48450
 48460
 48470
 48480
 48490
 48500
 48510
 48520
 48530
 48540
 48550
 48560
 48570
 48580
 48590
 48600
 48610
 48620
 48630
 48640
 48650
 48660
 48670
 48680
 48690
 48700
 48710
 48720
 48730
 48740
 48750
 48760
 48770
 48780
 48790
 48800
 48810
 48820
 48830
 48840
 48850
 48860
 48870
 48880
 48890
 48900
 48910
 48920
 48930
 48940
 48950
 48960
 48970
 48980
 48990
 49000
 49010
 49020
 49030
 49040
 49050
 49060
 49070
 49080
 49090
 49100
 49110
 49120
 49130
 49140
 49150
 49160
 49170
 49180
 49190
 49200
 49210
 49220
 49230
 49240
 49250
 49260
 49270
 49280
 49290
 49300
 49310
 49320
 49330
 49340
 49350
 49360
 49370
 49380
 49390
 49400
 49410
 49420
 49430
 49440
 49450
 49460
 49470
 49480
 49490
 49500
 49510
 49520
 49530
 49540
 49550
 49560
 49570
 49580
 49590
 49600
 49610
 49620
 49630
 49640
 49650
 49660
 49670
 49680
 49690
 49700
 49710
 49720
 49730
 49740
 49760
 49770
 49780
 49790
 49800
 49810
 49820
 49830
 49840
 49850
 49860
 49870
 49880
 49890
 49900
 49910
 49920
 49930
 49940
 49950
 49960
 49970
 49980
 49990
 50000
 50010
 50020
 50030
 50040
 50050
 50060
 50070
 50080
 50090
 50100
 50110
 50120
 50130
 50140
 50150
 50160
 50170
 50180
 50190
 50200
 50210
 50220
 50230
 50240
 50250
 50260
 50270
 50280
 50290
 50300
 50310
 50320
 50330
 50340
 50350
 50360
 50370
 50380
 50390
 50400
 50410
 50420
 50430
 50440
 50450
 50460
 50470
 50480
 50490
 50500
 50510
 50520
 50530
 50540
 50550
 50560
 50570
 50580
 50590
 50600
 50610
 50620
 50630
 50640
 50650
 50660
 50670
 50680
 50690
 50700
 50710
 50720
 50730
 50740
 50750
 50760
 50770
 50780
 50790
 50800
 50810
 50820
 50830
 50840
 50850
 50860
 50870
 50880
 50890
 50900
 50910
 50920
 50930
 50940
 50950
 50960
 50970
 50980
 50990
 51000
 51010
 51020
 51030
 51040
 51050
 51060
 51070
 51080
 51090
 51100
 51110
 51120
 51130
 51140
 51150
 51160
 51170
 51180
 51190
 51200
 51210
 51220
 51230
 51240
 51250
 51260
 51270
 51280
 51290
 51300
 51310
 51320
 51330
 51340
 51350
 51360
 51370
 51380
 51390
 51400
 51410
 51420
 51430
 51440
 51450
 51460
 51470
 51480
 51490
 51500
 51510
 51520
 51530
 51540
 51550
 51560
 51570
 51580
 51590
 51600
 51610
 51620
 51630
 51640
 51650
 51660
 51670
 51680
 51690
 51700
 51710
 51720
 51730
 51740
 51750
 51760
 51770
 51780
 51790
 51800
 51810
 51820
 51830
 51840
 51850
 51860
 51870
 51880
 51890
 51900
 51910
 51920
 51930
 51940
 51950
 51960
 51970
 51980
 51990
 52000
 52010
 52020
 52030
 52040
 52050
 52060
 52070
 52080
 52090
 52100
 52110
 52120
 52130
 52140
 52150
 52160
 52170
 52180
 52190
 52200
 52210
 52220
 52230
 52240
 52250
 52260
 52270
 52280
 52290
 52300
 52310
 52320
 52330
 52340
 52350
 52360
 52370
 52380
 52390
 52400
 52410
 52420
 52430
 52440
 52450
 52460
 52470
 52480
 52490
 52500
 52510
 52520
 52530
 52540
 52550
 52560
 52570
 52580
 52590
 52600
 52610
 52620
 52630
 52640
 52650
 52660
 52670
 52680
 52690
 52700
 52710
 52720
 52730
 52740
 52750
 52760
 52770
 52780
 52790
 52800
 52810
 52820
 52830
 52840
 52850
 52860
 52870
 52880
 52890
 52900
 52910
 52920
 52930
 52940
 52950
 52960
 52970
 52980
 52990
 53000
 53010
 53020
 53030
 53040
 53050
 53060
 53070
 53080
 53090
 53100
 53110
 53120
 53130
 53140
 53150
 53160
 53170
 53180
 53190
 53200
 53210
 53220
 53230
 53240
 53250
 53260
 53270
 53280
 53290
 53300
 53310
 53320
 53330
 53340
 53350
 53360
 53370
 53380
 53390
 53400
 53410
 53420
 53430
 53440
 53450
 53460
 53470
 53480
 53490
 53500
 53510
 53520
 53530
 53540
 53550
 53560
 53570
 53580
 53590
 53600
 53610
 53620
 53630
 53640
 53650
 53660
 53670
 53680
 53690
 53700
 53710
 53720
 53730
 53740
 53750
 53760
 53770
 53780
 53790
 53800
 53810
 53820
 53830
 53840
 53850
 53860
 53870
 53880
 53890
 53900
 53910
 53920
 53930
 53940
 53950
 53960
 53970
 53980
 53990
 54000
 54010
 54020
 54030
 54040
 54050
 54060
 54070
 54080
 54090
 54100
 54110
 54120
 54130
 54140
 54150
 54160
 54170
 54180
 54190
 54200
 54210
 54220
 54230
 54240
 54250
 54260
 54270
 54280
 54290
 54300
 54310
 54320
 54330
 54340
 54350
 54360
 54370
 54380
 54390
 54400
 54410
 54420
 54430
 54440
 54450
 54460
 54470
 54480
 54490
 54500
 54510
 54520
 54530
 54540
 54550
 54560
 54570
 54580
 54590
 54600
 54610
 54620
 54630
 54640
 54650
 54660
 54670
 54680
 54690
 54700
 54710
 54720
 54730
 54740
 54750
 54760
 54770
 54780
 54790
 54800
 54810
 54820
 54830
 54840
 54850
 54860
 54870
 54880
 54890
 54900
 54910
 54920
 54930
 54940
 54950
 54960
 54970
 54980
 54990
 55000
 55010
 55020
 55030
 55040
 55050
 55060
 55070
 55080
 55090
 55100
 55110
 55120
 55130
 55140
 55150
 55160
 55170
 55180
 55190
 55200
 55210
 55220
 55230
 55240
 55250
 55260
 55270
 55280
 55290
 55300
 55310
 55320
 55330
 55340
 55350
 55360
 55370
 55380
 55390
 55400
 55410
 55420
 55430
 55440
 55450
 55460
 55470
 55480
 55490
 55500
 55510
 55520
 55530
 55540
 55550
 55560
 55570
 55580
 55590
 55600
 55610
 55620
 55630
 55640
 55650
 55660
 55670
 55680
 55690
 55700
 55710
 55720
 55730
 55740
 55750
 55760
 55770
 55780
 55790
 55800
 55810
 55820
 55830
 55840
 55850
 55860
 55870
 55880
 55890
 55900
 55910
 55920
 55930
 55940
 55950
 55960
 55970
 55980
 55990
 56000
 56010
 56020
 56030
 56040
 56050
 56060
 56070
 56080
 56090
 56100
 56110
 56120
 56130
 56140
 56150
 56160
 56170
 56180
 56190
 56200
 56210
 56220
 56230
 56240
 56250
 56260
 56270
 56280
 56290
 56300
 56310
 56320
 56330
 56340
 56350
 56360
 56370
 56380
 56390
 56400
 56410
 56420
 56430
 56440
 56450
 56460
 56470
 56480
 56490
 56500
 56510
 56520
 56530
 56540
 56550
 56560
 56570
 56580
 56590
 56600
 56610
 56620
 56630
 56640
 56650
 56660
 56670
 56680
 56690
 56700
 56710
 56720
 56730
 56740
 56750
 56760
 56770
 56780
 56790
 56800
 56810
 56820
 56830
 56840
 56850
 56860
 56870
 56880
 56890
 56900
 56910
 56920
 56930
 56940
 56950
 56960
 56970
 56980
 56990
 57000
 57010
 57020
 57030
 57040
 57050
 57060
 57070
 57080
 57090
 57100
 57110
 57120
 57130
 57140
 57150
 57160
 57170
 57180
 57190
 57200
 57210
 57220
 57230
 57240
 57250
 57260
 57270
 57280
 57290
 57300
 57310
 57320
 57330
 57340
 57350
 57360
 57370
 57380
 57390
 57400
 57410
 57420
 57430
 57440
 57450
 57460
 57470
 57480
 57490
 57500
 57510
 57520
 57530
 57540
 57550
 57560
 57570
 57580
 57590
 57600
 57610
 57620
 57630
 57640
 57650
 57660
 57670
 57680
 57690
 57700
 57710
 57720
 57730
 57740
 57750
 57760
 57770
 57780
 57790
 57800
 57810
 57820
 57830
 57840
 57850
 57860
 57870
 57880
 57890
 57900
 57910
 57920
 57930
 57940
 57950
 57960
 57970
 57980
 57990
 58000
 58010
 58020
 58030
 58040
 58050
 58060
 58070
 58080
 58090
 58100
 58110
 58120
 58130
 58140
 58150
 58160
 58170
 58180
 58190
 58200
 58210
 58220
 58230
 58240
 58250
 58260
 58270
 58280
 58290
 58300
 58310
 58320
 58330
 58340
 58350
 58360
 58370
 58380
 58390
 58400
 58410
 58420
 58430
 58440
 58450
 58460
 58470
 58480
 58490
 58500
 58510
 58520
 58530
 58540
 58550
 58560
 58570
 58580
 58590
 58600
 58610
 58620
 58630
 58640
 58650
 58660
 58670
 58680
 58690
 58700
 58710
 58720
 58730
 58740
 58750
 58760
 58770
 58780
 58790
 58800
 58810
 58820
 58830
 58840
 58850
 58860
 58870
 58880
 58890
 58900
 58910
 58920
 58930
 58940
 58950
 58960
 58970
 58980
 58990
 59000
 59010
 59020
 59030
 59040
 59050
 59060
 59070
 59080
 59090
 59100
 59110
 59120
 59130
 59140
 59150
 59160
 59170
 59180
 59190
 59200
 59210
 59220
 59230
 59240
 59250
 59260
 59270
 59280
 59290
 59300
 59310
 59320
 59330
 59340
 59350
 59360
 59370
 59380
 59390
 59400
 59410
 59420
 59430
 59440
 59450
 59460
 59470
 59480
 59490
 59500
 59510
 59520
 59530
 59540
 59550
 59560
 59570
 59580
 59590
 59600
 59610
 59620
 59630
 59640
 59650
 59660
 59670
 59680
 59690
 59700
 59710
 59720
 59730
 59740
 59750
 59760
 59770
 59780
 59790
 59800
 59810
 59820
 59830
 59840
 59850
 59860
 59870
 59880
 59890
 59900
 59910
 59920
 59930
 59940
 59950
 59960
 59970
 59980
 59990
 60000
 60010
 60020
 60030
 60040
 60050
 60060
 60070
 60080
 60090
 60100
 60110
 60120
 60130
 60140
 60150
 60160
 60170
 60180
 60190
 60200
 60210
 60220
 60230
 60240
 60250
 60260
 60270
 60280
 60290
 60300
 60310
 60320
 60330
 60340
 60350
 60360
 60370
 60380
 60390
 60400
 60410
 60420
 60430
 60440
 60450
 60460
 60480
 60490
 60500
 60510
 60520
 60530
 60540
 60550
 60560
 60570
 60580
 60590
 60600
 60610
 60620
 60630
 60640
 60650
 60660
 60670
 60680
 60690
 60700
 60710
 60720
 60730
 60740
 60750
 60760
 60770
 60780
 60790
 60800
 60810
 60820
 60830
 60840
 60850
 60860
 60870
 60890
 60900
 60910
 60920
 60930
 60940
 60950
 60960
 60970
 60980
 60990
 61000
 61010
 61020
 61030
 61040
 61050
 61060
 61070
 61080
 61090
 61100
 61110
 61130
 61140
 61150
 61160
 61180
 61190
 61200
 61210
 61220
 61230
 61240
 61250
 61270
 61280
 61290
 61320
 61330
 61350
 61360
 61370
 61380
 61390
 61400
 61410
 61420
 61430
 61440
 61450
 61460
 61470
 61480
 61490
 61500
 61510
 61520
 61530
 61540
 61550
 61560
 61570
 61580
 61600
 61610
 61620
 61650
 61670
 61680
 61700
 61710
 61730
 61740
 61750
 61760
 61770
 61780
 61790
 61800
 61810
 61840
 61860
 61870
 61880
 61910
 61930
 62020
 62050
 62060
 62080
 62090
 62380
 62400
 62410
 62420
 62430
 62440
 62470
 62480
 62510
 63670
 63750
