 16290
 16310
 16320
 16330
 16340
 16350
 16360
 16370
 16380
 16390
 16400
 16410
 16420
 16430
 16440
 16450
 16460
 16470
 16480
 16490
 16500
 16510
 16520
 16530
 16540
 16610
 16710
 16720
 16730
 16740
 16750
 16760
 16770
 16780
 16800
 16840
 16850
 16860
 16870
 16880
 16890
 16900
 16930
 16950
 16960
 16970
 16980
 16990
 17000
 17010
 17020
 17030
 17040
 17050
 17060
 17070
 17080
 17090
 17110
 17120
 17130
 17140
 17150
 17160
 17170
 17180
 17190
 17200
 17210
 17220
 17230
 17240
 17250
 17260
 17270
 17280
 17290
 17300
 17310
 17320
 17330
 17340
 17350
 17360
 17370
 17380
 17400
 17410
 17420
 17430
 17440
 17450
 17460
 17470
 17490
 17500
 17510
 17520
 17530
 17540
 17550
 17560
 17570
 17580
 17590
 17600
 17610
 17620
 17630
 17660
 17670
 17680
 17690
 17700
 17710
 17720
 17730
 17740
 17750
 17760
 17770
 17780
 17790
 17800
 17810
 17820
 17830
 17840
 17850
 17860
 17870
 17880
 17890
 17900
 17910
 17920
 17930
 17940
 17950
 17960
 17970
 17980
 17990
 18000
 18010
 18020
 18030
 18040
 18050
 18060
 18070
 18080
 18090
 18100
 18110
 18120
 18130
 18140
 18150
 18160
 18170
 18180
 18190
 18200
 18210
 18220
 18230
 18240
 18250
 18260
 18270
 18280
 18290
 18300
 18310
 18320
 18330
 18340
 18360
 18370
 18380
 18400
 18410
 18420
 18430
 18440
 18480
 18500
 18520
 18540
 18550
 18590
 18610
 18620
 18640
 18650
 18710
 18730
 18870
 18970
 19070
 19140
 19160
 19170
 19190
 19200
 19220
 19240
 19300
 19340
 19420
 19430
 19440
 19480
 19550
 19560
 19570
 19870
 19890
 20080
 20090
 20100
 20130
 20160
 20170
 20180
 20270
 20280
 20290
 20310
 20320
 20350
 20370
 20380
 20440
 20490
 20510
 20520
 20530
 20540
 20550
 20650
 20690
 20710
 20720
 20750
 20770
 20820
 20930
 20950
 20970
 21040
 21080
 21090
 21110
 21120
 21130
 21140
 21200
 21210
 21220
 21230
 21240
 21260
 21270
 21280
 21310
 21320
 21340
 21360
 21370
 21380
 21390
 21410
 21420
 21430
 21450
 21460
 21470
 21480
 21490
 21510
 21520
 21530
 21540
 21560
 21570
 21580
 21590
 21600
 21610
 21630
 21640
 21650
 21660
 21680
 21690
 21730
 21740
 21760
 21770
 21780
 21800
 21820
 21830
 21840
 21850
 21860
 21890
 21900
 21910
 22000
 22160
 22170
 22190
 22200
 22210
 22240
 22250
 22260
 22270
 22430
 22580
 22610
 22620
 22670
 22680
 22710
 22730
 22750
 22760
 22770
 22780
 22790
 22810
 22820
 22830
 22840
 22850
 22870
 22880
 22900
 22910
 22920
 22930
 22940
 22950
 22960
 22970
 22980
 22990
 23000
 23010
 23030
 23040
 23050
 4440
 4900
 4910
 4930
 4940
 4950
 4960
 5040
 5050
 5110
 5160
 5190
 5280
 5300
 5310
 5320
 5330
 5340
 5350
 5360
 5370
 5380
 5390
 5400
 5410
 5420
 5430
 5440
 5450
 5460
 5470
 5480
 5490
 5500
 5510
 5520
 5530
 5540
 5550
 5560
 5570
 5580
 5590
 5600
 5610
 5620
 5630
 5640
 5650
 5660
 5670
 5680
 5690
 5700
 5710
 5720
 5730
 5740
 5750
 5760
 5770
 5780
 5790
 5800
 5810
 5820
 5830
 5840
 5850
 5860
 5870
 5880
 5890
 5900
 5910
 5920
 5930
 5940
 5950
 5960
 5970
 5980
 5990
 6000
 6010
 6020
 6030
 6040
 6050
 6060
 6070
 6080
 6090
 6100
 6110
 6120
 6130
 6140
 6150
 6160
 6170
 6180
 6190
 6200
 6210
 6220
 6230
 6240
 6250
 6260
 6270
 6280
 6290
 6300
 6310
 6320
 6330
 6340
 6350
 6360
 6370
 6380
 6390
 6400
 6410
 6420
 6430
 6440
 6450
 6460
 6470
 6480
 6490
 6500
 6510
 6520
 6530
 6540
 6550
 6560
 6570
 6580
 6590
 6600
 6610
 6620
 6630
 6640
 6650
 6660
 6670
 6680
 6690
 6700
 6710
 6720
 6730
 6740
 6750
 6760
 6770
 6780
 6790
 6800
 6810
 6820
 6830
 6840
 6850
 6860
 6870
 6880
 6890
 6900
 6910
 6920
 6930
 6940
 6950
 6960
 6970
 6980
 6990
 7000
 7010
 7020
 7030
 7040
 7050
 7070
 7080
 7090
 8250
 8260
 8270
 8280
 8290
 8300
 8340
 8360
 8390
 8400
 8410
 8420
 8430
 8440
 8450
 8460
 8480
 8490
 8500
 8540
 8550
 8560
 8570
 8580
 8590
 8600
 8610
 8620
 8630
 8640
 8660
 8670
 8680
 8690
 8700
 8710
 8720
 8730
 8740
 8750
 8760
 8790
 8800
 8810
 8820
 8870
