 10000
 10010
 10020
 10030
 10040
 10050
 10060
 10070
 10080
 10090
 10100
 10110
 10120
 10130
 10140
 10150
 10160
 10170
 10180
 10190
 10200
 10210
 10220
 10230
 10240
 10250
 10260
 10270
 10280
 10290
 10300
 10310
 10320
 10330
 10340
 10350
 10360
 10370
 10380
 10390
 10400
 10410
 10420
 10430
 10440
 10450
 10460
 10470
 10480
 10490
 10500
 10510
 10520
 10530
 10540
 10550
 10560
 10570
 10580
 10590
 10600
 10610
 10620
 10630
 10640
 10650
 10660
 10670
 10680
 10690
 10700
 10710
 10720
 10730
 10740
 10750
 10760
 10770
 10780
 10790
 10800
 10810
 10820
 10830
 10840
 10850
 10860
 10870
 10880
 10890
 10900
 10910
 10920
 10930
 10940
 10950
 10960
 10970
 10980
 10990
 11000
 11010
 11020
 11030
 11040
 11050
 11060
 11070
 11080
 11090
 11100
 11110
 11120
 11130
 11140
 11150
 11160
 11170
 11180
 11190
 11200
 11210
 11220
 11230
 11240
 11250
 11260
 11270
 11280
 11290
 11300
 11310
 11320
 11330
 11340
 11350
 11360
 11370
 11380
 11390
 11400
 11410
 11420
 11430
 11440
 11450
 11460
 11470
 11480
 11490
 11500
 11510
 11520
 11530
 11540
 11550
 11560
 11570
 11580
 11590
 11600
 11610
 11620
 11630
 11640
 11650
 11660
 11670
 11680
 11690
 11700
 11710
 11720
 11730
 11740
 11750
 11760
 11770
 11780
 11790
 11800
 11810
 11820
 11830
 11840
 11850
 11860
 11870
 11880
 11890
 11900
 11910
 11920
 11930
 11940
 11950
 11960
 11970
 11980
 11990
 12000
 12010
 12020
 12030
 12040
 12050
 12060
 12070
 12080
 12090
 12100
 12110
 12120
 12130
 12140
 12150
 12160
 12170
 12180
 12190
 12200
 12210
 12220
 12230
 12240
 12250
 12260
 12270
 12280
 12290
 12300
 12310
 12320
 12330
 12340
 12350
 12360
 12370
 12380
 12390
 12400
 12410
 12420
 12430
 12440
 12450
 12460
 12470
 12480
 12490
 12500
 12510
 12520
 12530
 12540
 12550
 12560
 12570
 12580
 12590
 12600
 12610
 12620
 12630
 12640
 12650
 12660
 12670
 12680
 12690
 12700
 12710
 12720
 12730
 12740
 12750
 12760
 12770
 12780
 12790
 12800
 12810
 12820
 12830
 12840
 12850
 12860
 12870
 12880
 12890
 12900
 12910
 12920
 12930
 12940
 12950
 12960
 12970
 12980
 12990
 13000
 13010
 13020
 13030
 13040
 13050
 13060
 13070
 13080
 13090
 13100
 13110
 13120
 13130
 13140
 13150
 13160
 13170
 13180
 13190
 13200
 13210
 13220
 13230
 13240
 13250
 13260
 13270
 13280
 13290
 13300
 13310
 13320
 13330
 13340
 13350
 13360
 13370
 13380
 13390
 13400
 13410
 13420
 13430
 13440
 13450
 13460
 13470
 13480
 13490
 13500
 13510
 13520
 13530
 13540
 13550
 13560
 13570
 13580
 13590
 13600
 13610
 13620
 13630
 13640
 13650
 13660
 13670
 13680
 13690
 13700
 13710
 13720
 13730
 13740
 13750
 13760
 13770
 13780
 13790
 13800
 13810
 13820
 13830
 13840
 13850
 13860
 13870
 13880
 13890
 13900
 13910
 13920
 13930
 13940
 13950
 13960
 13970
 13980
 13990
 14000
 14010
 14020
 14030
 14040
 14050
 14060
 14070
 14080
 14090
 14100
 14110
 14120
 14130
 14140
 14150
 14160
 14170
 14180
 14190
 14200
 14210
 14220
 14230
 14240
 14250
 14260
 14270
 14280
 14290
 14300
 14310
 14320
 14330
 14340
 14350
 14360
 14370
 14380
 14390
 14400
 14410
 14420
 14430
 14440
 14450
 14460
 14470
 14480
 14490
 14500
 14510
 14520
 14530
 14540
 14550
 14560
 14570
 14580
 14590
 14600
 14610
 14620
 14630
 14640
 14650
 14660
 14670
 14680
 14690
 14700
 14710
 14720
 14730
 14740
 14750
 14760
 14770
 14780
 14790
 14800
 14810
 14820
 14830
 14840
 14850
 14860
 14870
 14880
 14890
 14900
 14910
 14920
 14930
 14940
 14950
 14960
 14970
 14980
 14990
 15000
 15010
 15020
 15030
 15040
 15050
 15060
 15070
 15080
 15090
 15100
 15110
 15120
 15130
 15140
 15150
 15160
 15170
 15180
 15190
 15200
 15210
 15220
 15230
 15240
 15250
 15260
 15270
 15280
 15290
 15300
 15310
 15320
 15330
 15340
 15350
 15360
 15370
 15380
 15390
 15400
 15410
 15420
 15430
 15440
 15450
 15460
 15470
 15480
 15490
 15500
 15510
 15520
 15530
 15540
 15550
 15560
 15570
 15580
 15590
 15600
 15610
 15620
 15630
 15640
 15650
 15660
 15670
 15680
 15690
 15700
 15710
 15720
 15730
 15740
 15750
 15760
 15770
 15780
 15790
 15800
 15810
 15820
 15830
 15840
 15850
 15860
 15870
 15880
 15890
 15900
 15910
 15920
 15930
 15940
 15950
 15960
 15970
 15980
 15990
 16000
 16010
 16020
 16030
 16040
 16050
 16060
 16070
 16080
 16090
 16100
 16110
 16120
 16130
 16140
 16150
 16160
 16170
 16180
 16190
 16200
 16210
 16220
 16250
 16750
 16930
 16960
 17010
 17040
 17090
 17230
 17240
 17290
 17370
 17420
 17450
 17550
 17580
 18880
 19450
 19690
 19740
 19750
 19910
 20440
 20490
 20610
 20630
 20810
 21120
 21150
 21270
 21280
 21290
 21310
 21320
 21340
 21350
 21360
 21380
 21390
 21420
 21740
 21780
 21830
 21880
 2190
 22430
 22490
 22540
 22550
 22610
 22630
 22660
 22670
 22690
 22700
 22710
 22720
 22730
 22770
 22780
 22790
 22810
 22830
 22850
 22860
 22880
 22890
 22900
 22910
 22920
 22930
 22950
 22970
 22980
 22990
 2300
 23000
 23010
 23020
 23030
 23040
 23050
 23060
 23070
 23080
 23090
 23120
 23140
 23150
 23170
 23180
 23200
 23210
 23240
 23250
 23260
 23270
 23280
 23290
 23300
 23310
 23320
 23330
 23340
 23350
 23360
 23370
 23380
 23390
 2340
 23400
 23420
 23430
 23440
 23450
 23460
 23470
 23480
 23490
 23500
 23510
 23520
 23530
 23540
 23550
 23560
 23570
 23580
 23590
 2360
 23600
 23610
 23620
 23630
 23640
 23650
 23670
 23680
 23690
 23710
 23720
 23740
 23750
 23770
 23780
 23790
 2380
 23800
 23810
 23830
 23840
 23850
 23860
 23870
 23880
 23890
 2390
 23900
 23910
 23920
 23930
 23940
 23950
 23960
 23970
 23980
 23990
 2400
 24000
 24010
 24020
 24030
 24040
 24050
 24060
 24070
 24080
 24090
 24100
 24110
 24120
 24130
 24140
 24150
 24160
 24170
 24180
 24190
 24200
 24210
 24220
 24230
 24240
 24250
 24260
 24280
 24290
 24300
 24310
 24320
 24330
 24340
 24350
 24360
 24370
 24380
 24390
 24400
 24410
 24460
 24470
 24480
 24490
 24500
 24510
 24520
 24530
 24540
 24550
 24560
 24570
 24580
 24590
 24600
 24610
 24620
 24630
 24640
 24650
 24660
 24670
 24680
 24690
 2470
 24700
 24710
 24720
 24730
 24740
 24750
 24760
 24770
 24780
 24790
 24800
 24810
 24820
 24830
 24840
 24850
 24860
 24870
 24880
 24890
 24900
 24910
 24920
 24930
 24940
 24950
 24960
 24970
 24980
 24990
 2500
 25000
 25010
 25020
 25030
 25040
 25050
 25060
 25070
 25080
 25090
 2510
 25100
 25110
 25120
 25130
 25140
 25150
 25160
 25170
 25180
 25190
 25200
 25210
 25220
 25230
 25240
 25250
 25260
 25270
 25280
 25290
 2530
 25300
 25310
 25320
 25330
 25340
 25350
 25360
 25370
 25380
 25390
 25400
 25410
 25420
 25430
 25440
 25450
 25460
 25470
 25480
 25490
 2550
 25500
 25510
 25520
 25530
 25540
 25550
 25560
 25570
 25580
 25590
 2560
 25600
 25610
 25620
 25630
 25650
 2570
 2580
 25850
 25860
 25870
 25880
 25890
 2590
 25900
 25910
 25920
 25930
 25940
 25950
 25960
 25970
 25980
 25990
 2600
 26000
 26010
 26020
 26030
 26040
 26050
 26060
 26070
 26080
 26090
 2610
 26100
 26110
 26120
 26130
 26140
 26150
 26160
 26180
 26190
 2620
 26200
 26210
 26220
 26230
 26240
 26250
 26260
 26270
 26280
 26290
 2630
 26300
 26310
 26320
 26330
 26340
 26350
 26360
 26370
 26380
 26390
 2640
 26400
 26410
 26420
 26430
 26440
 26450
 26460
 26470
 26480
 26490
 2650
 26500
 26510
 26520
 26530
 26540
 26550
 26560
 26570
 26580
 26590
 2660
 26600
 26610
 26620
 26630
 26640
 26650
 26660
 26670
 26680
 26690
 2670
 26700
 26710
 26720
 26730
 26740
 26750
 26760
 26770
 26780
 26790
 2680
 26800
 26810
 26820
 26830
 26840
 26850
 26860
 26870
 26880
 26890
 2690
 26900
 26910
 26920
 26930
 26940
 26950
 26960
 26970
 26980
 26990
 2700
 27000
 27010
 27020
 27030
 27040
 27050
 27060
 27070
 27080
 27090
 2710
 27100
 27110
 27120
 27130
 27140
 27150
 27160
 27170
 27180
 27190
 2720
 27200
 27210
 27220
 27230
 27240
 2730
 2740
 2750
 2760
 2770
 2780
 2790
 2800
 2810
 2820
 2830
 2840
 2850
 2860
 28680
 28690
 2870
 28700
 28710
 28720
 28730
 28740
 28750
 28760
 28780
 28790
 2880
 28870
 28880
 28890
 2890
 28900
 28920
 28930
 28950
 28960
 28970
 28990
 2900
 29000
 29010
 29020
 29040
 29050
 29060
 2910
 29100
 29180
 29190
 2920
 29200
 29210
 29220
 29240
 29250
 29260
 29270
 29280
 29290
 2930
 29300
 29310
 29320
 29330
 29340
 29350
 29360
 29370
 29380
 29390
 2940
 29400
 29410
 29420
 29430
 29440
 29450
 29460
 29470
 29480
 29490
 2950
 29500
 29510
 29520
 29530
 29540
 29550
 29560
 29570
 29580
 29590
 2960
 29600
 29610
 29620
 29630
 29640
 29650
 29660
 29670
 29680
 29690
 2970
 29700
 29710
 29720
 29730
 29740
 29750
 29760
 29770
 29780
 29790
 2980
 29800
 29810
 29820
 29830
 29840
 29850
 29860
 29870
 29880
 29890
 2990
 29900
 29910
 29920
 29930
 29940
 29950
 29960
 29970
 29980
 29990
 3000
 30000
 30010
 30020
 30030
 30040
 30050
 30060
 30070
 30080
 30090
 3010
 30100
 30110
 30120
 30130
 30140
 30150
 30160
 30170
 30180
 30190
 3020
 30200
 30210
 30220
 30230
 30240
 30250
 30260
 30270
 30280
 30290
 3030
 30300
 30310
 30320
 30330
 30340
 30350
 30360
 30370
 30380
 30390
 3040
 30400
 30410
 30420
 30430
 30440
 30450
 30460
 30470
 30480
 30490
 3050
 30500
 30510
 30520
 30530
 30540
 30550
 30560
 30570
 30580
 30590
 3060
 30600
 30610
 30620
 30630
 30640
 30650
 30660
 30670
 30680
 30690
 3070
 30700
 30720
 30740
 30750
 30760
 30770
 30780
 30790
 3080
 30800
 30810
 30820
 30830
 30840
 30850
 30860
 30870
 3090
 30900
 30910
 30920
 3100
 31020
 31030
 31040
 3110
 3120
 31260
 31270
 31290
 3130
 31320
 31330
 31340
 31350
 31360
 31370
 31380
 31390
 3140
 31400
 31410
 31420
 31430
 31440
 31450
 31460
 31470
 31480
 31490
 3150
 31500
 31510
 31520
 31530
 31540
 31550
 31560
 31570
 31580
 31590
 3160
 31600
 31610
 31620
 31630
 31640
 31650
 31660
 31670
 31680
 31690
 3170
 31700
 31710
 31720
 31730
 31740
 31750
 31760
 31770
 31780
 31790
 3180
 31800
 31810
 31820
 31830
 31840
 31850
 31860
 31870
 31880
 31890
 3190
 31900
 31910
 31920
 31930
 31940
 31950
 31960
 31970
 31980
 31990
 3200
 32000
 32010
 32020
 32030
 32040
 32050
 32060
 32070
 32080
 32090
 3210
 32100
 32110
 32120
 32130
 32140
 32150
 32160
 32170
 32180
 32190
 3220
 32200
 32210
 32220
 32230
 32240
 32250
 32260
 32270
 32280
 32290
 3230
 32300
 32310
 32320
 32330
 32340
 32350
 32360
 32370
 32380
 32390
 3240
 32400
 32410
 32420
 32430
 32440
 32450
 32460
 32470
 32480
 32490
 3250
 32500
 32510
 32520
 32530
 32540
 32550
 32560
 32570
 32580
 32590
 3260
 32600
 32610
 32620
 32630
 32640
 32650
 32660
 32670
 32680
 32690
 3270
 32700
 32710
 32720
 32730
 32740
 32750
 32760
 32770
 32780
 32790
 3280
 32800
 32810
 32820
 32830
 32840
 32850
 32860
 32870
 32880
 32890
 3290
 32900
 32910
 32920
 32930
 32940
 32950
 32960
 32970
 32980
 32990
 3300
 33000
 33010
 33020
 33030
 33040
 33050
 33060
 33070
 33080
 33090
 3310
 33100
 33110
 33120
 33130
 33140
 33150
 33160
 33170
 33180
 33190
 3320
 33200
 33210
 33220
 33230
 33240
 33250
 33260
 33270
 33280
 33290
 3330
 33300
 33310
 33320
 33330
 33340
 33350
 33360
 33370
 33380
 33390
 3340
 33400
 33410
 33420
 33430
 33440
 33450
 33460
 33470
 33480
 33490
 3350
 33500
 33510
 33520
 33530
 33540
 33550
 33560
 33570
 33580
 33590
 3360
 33600
 33610
 33620
 33630
 33640
 33650
 33660
 33670
 33680
 33690
 3370
 33700
 33710
 33720
 33730
 33740
 33750
 33760
 33770
 33780
 33790
 3380
 33800
 33810
 33820
 33830
 33840
 33850
 33860
 33870
 33880
 33890
 3390
 33900
 33910
 33920
 33930
 33940
 33950
 33960
 33970
 33980
 33990
 3400
 34000
 34010
 34020
 34030
 34040
 34050
 34060
 34070
 34080
 34090
 3410
 34100
 34110
 34120
 34130
 34140
 34150
 34160
 34170
 34180
 34190
 3420
 34200
 34210
 34220
 34230
 34240
 34250
 34260
 34270
 34280
 34290
 3430
 34300
 34310
 34320
 34330
 34340
 34350
 34360
 34370
 34380
 34390
 3440
 34400
 34410
 34420
 34430
 34440
 34450
 34460
 34470
 34480
 34490
 3450
 34500
 34510
 34520
 34530
 34540
 34550
 34560
 34570
 34580
 34590
 3460
 34600
 34610
 34620
 34630
 34640
 34650
 34660
 34670
 34680
 34690
 3470
 34700
 34710
 34720
 34730
 34740
 34750
 34760
 34770
 34780
 34790
 3480
 34800
 34810
 34820
 34830
 34840
 34850
 34860
 34870
 34880
 34890
 3490
 34900
 34910
 34920
 34930
 34940
 34950
 34960
 34970
 34980
 34990
 3500
 35000
 35010
 35020
 35030
 35040
 35050
 35060
 35070
 35080
 35090
 3510
 35100
 35110
 35120
 35130
 35140
 35150
 35160
 35170
 35180
 35190
 3520
 35200
 35210
 35220
 35230
 35240
 35250
 35260
 35270
 35280
 35290
 3530
 35300
 35310
 35320
 35330
 35340
 35350
 35360
 35370
 35380
 35390
 3540
 35400
 35410
 35420
 35430
 35440
 35450
 35460
 35470
 35480
 35490
 3550
 35500
 35510
 35520
 35530
 35540
 35550
 35560
 35570
 35580
 35590
 3560
 35600
 35610
 35620
 35630
 35640
 35650
 35660
 35670
 35680
 35690
 3570
 35700
 35710
 35720
 35730
 35740
 35750
 35760
 35770
 35780
 35790
 3580
 35800
 35810
 35820
 35830
 35840
 35850
 35860
 35870
 35880
 35890
 3590
 35900
 35910
 35920
 35930
 35940
 35950
 35960
 35970
 35980
 35990
 3600
 36000
 36010
 36020
 36030
 36040
 36050
 36060
 36070
 36080
 36090
 3610
 36100
 36110
 36120
 36130
 36140
 36150
 36160
 36170
 36180
 36190
 3620
 36200
 36210
 36220
 36230
 36240
 36250
 36260
 36270
 36280
 36290
 3630
 36300
 36310
 36320
 36330
 36340
 36350
 36360
 36370
 36380
 36390
 3640
 36400
 36410
 36420
 36430
 36440
 36450
 36460
 36470
 36480
 36490
 3650
 36500
 36510
 36520
 36530
 36540
 36550
 36560
 36570
 36580
 36590
 3660
 36600
 36610
 36620
 36630
 36640
 36650
 36660
 36670
 36680
 36690
 3670
 36700
 36710
 36720
 36730
 36740
 36750
 36760
 36770
 36780
 36790
 3680
 36800
 36810
 36820
 36830
 36840
 36850
 36860
 36870
 36880
 36890
 3690
 36900
 36910
 36920
 36930
 36940
 36950
 36960
 36970
 36980
 36990
 3700
 37000
 37010
 37020
 37030
 37040
 37050
 37060
 37070
 37080
 37090
 3710
 37100
 37110
 37120
 37130
 37140
 37150
 37160
 37170
 37180
 37190
 3720
 37200
 37210
 37220
 37230
 37240
 37250
 37260
 37270
 37280
 37290
 3730
 37300
 37310
 37320
 37330
 37340
 37350
 37360
 37370
 37380
 37390
 3740
 37400
 37410
 37420
 37430
 37440
 37450
 37460
 37470
 37480
 37490
 3750
 37500
 37510
 37520
 37530
 37540
 37550
 37560
 37570
 37580
 37590
 3760
 37600
 37610
 37620
 37630
 37640
 37650
 37660
 37670
 37680
 37690
 3770
 37700
 37710
 37720
 37730
 37740
 37750
 37760
 37770
 37780
 37790
 3780
 37800
 37810
 37820
 37830
 37840
 37850
 37860
 37870
 37880
 37890
 3790
 37900
 37910
 37920
 37930
 37940
 37950
 37960
 37970
 37980
 37990
 3800
 38000
 38010
 38020
 38030
 38040
 38050
 38060
 38070
 38080
 38090
 3810
 38100
 38110
 38120
 38130
 38140
 38150
 38160
 38170
 38180
 38190
 3820
 38200
 38210
 38220
 38230
 38240
 38250
 38260
 38270
 38280
 38290
 3830
 38300
 38310
 38320
 38330
 38340
 38350
 38360
 38370
 38380
 38390
 3840
 38400
 38410
 38420
 38430
 38440
 38450
 38460
 38470
 38480
 38490
 3850
 38500
 38510
 38520
 38530
 38540
 38550
 38560
 38570
 38580
 38590
 3860
 38600
 38610
 38620
 38630
 38640
 38650
 38660
 38670
 38680
 38690
 3870
 38700
 38710
 38720
 38730
 38740
 38750
 38760
 38770
 38780
 38790
 3880
 38800
 38810
 38820
 38830
 38840
 38850
 38860
 38870
 38880
 38890
 3890
 38900
 38910
 38920
 38930
 38940
 38950
 38960
 38970
 38980
 38990
 3900
 39000
 39010
 39020
 39030
 39040
 39050
 39060
 39070
 39080
 39090
 3910
 39100
 39110
 39120
 39130
 39140
 39150
 39160
 39170
 39180
 39190
 3920
 39200
 39210
 39220
 39230
 39240
 39250
 39260
 39270
 39280
 39290
 3930
 39300
 39310
 39320
 39330
 39340
 39350
 39360
 39370
 39380
 39390
 3940
 39400
 39410
 39420
 39430
 39440
 39450
 39460
 39470
 39480
 39490
 3950
 39500
 39510
 39520
 39530
 39540
 39550
 39560
 39570
 39580
 39590
 3960
 39600
 39610
 39620
 39630
 39640
 39650
 39660
 39670
 39680
 39690
 3970
 39700
 39710
 39720
 39730
 39740
 39750
 39760
 39770
 39780
 39790
 3980
 39800
 39810
 39820
 39830
 39840
 39850
 39860
 39870
 39880
 39890
 3990
 39900
 39910
 39920
 39930
 39940
 39950
 39960
 39970
 39980
 39990
 4000
 40000
 40010
 40020
 40030
 40040
 40050
 40060
 40070
 40080
 40090
 4010
 40100
 40110
 40120
 40130
 40140
 40150
 40160
 40170
 40180
 40190
 4020
 40200
 40210
 40220
 40230
 40240
 40250
 40260
 40270
 40280
 40290
 4030
 40300
 40310
 40320
 40330
 40340
 40350
 40360
 40370
 40380
 40390
 4040
 40400
 40410
 40420
 40430
 40440
 40450
 40460
 40470
 40480
 40490
 4050
 40500
 40510
 40520
 40530
 40540
 40550
 40560
 40570
 40580
 40590
 4060
 40600
 40610
 40620
 40630
 40640
 40650
 40660
 40670
 40680
 40690
 4070
 40700
 40710
 40720
 40730
 40740
 40750
 40760
 40770
 40780
 40790
 4080
 40800
 40810
 40820
 40830
 40840
 40850
 40860
 40870
 40880
 40890
 4090
 40900
 40910
 40920
 40930
 40940
 40950
 40960
 40970
 40980
 40990
 4100
 41000
 41010
 41020
 41030
 41040
 41050
 41060
 41070
 41080
 41090
 4110
 41100
 41110
 41120
 41130
 41140
 41150
 41160
 41170
 41180
 41190
 4120
 41200
 41210
 41220
 41230
 41240
 41250
 41260
 41270
 41280
 41290
 4130
 41300
 41310
 41320
 41330
 41340
 41350
 41360
 41370
 41380
 41390
 4140
 41400
 41410
 41420
 41430
 41440
 41450
 41460
 41470
 41480
 41490
 4150
 41500
 41510
 41520
 41530
 41540
 41550
 41560
 41570
 41580
 41590
 4160
 41600
 41610
 41620
 41630
 41640
 41650
 41660
 41670
 41680
 41690
 4170
 41700
 41710
 41720
 41730
 41740
 41750
 41760
 41770
 41780
 41790
 4180
 41800
 41810
 41820
 41830
 41840
 41850
 41860
 41870
 41880
 41890
 4190
 41900
 41910
 41920
 41930
 41940
 41950
 41960
 41970
 41980
 41990
 4200
 42000
 42010
 42020
 42030
 42040
 42050
 42060
 42070
 42080
 42090
 4210
 42100
 42110
 42120
 42130
 42140
 42150
 42160
 42170
 42180
 42190
 4220
 42200
 42210
 42220
 42230
 42240
 42250
 42260
 42270
 42280
 42290
 4230
 42300
 42310
 42320
 42330
 42340
 42350
 42360
 42370
 42380
 42390
 4240
 42400
 42410
 42420
 42430
 42440
 42450
 42460
 42470
 42480
 42490
 4250
 42500
 42510
 42520
 42530
 42540
 42550
 42560
 42570
 42580
 42590
 4260
 42600
 42610
 42620
 42630
 42640
 42650
 42660
 42670
 42680
 42690
 4270
 42700
 42710
 42720
 42730
 42740
 42750
 42760
 42770
 42780
 42790
 4280
 42800
 42810
 42820
 42830
 42840
 42850
 42860
 42870
 42880
 42890
 4290
 42900
 42910
 42920
 42930
 42940
 42950
 42960
 42970
 42980
 42990
 4300
 43000
 43010
 43020
 43030
 43040
 43050
 43060
 43070
 43080
 43090
 4310
 43100
 43110
 43120
 43130
 43140
 43150
 43160
 43170
 43180
 43190
 4320
 43200
 43210
 43220
 43230
 43240
 43250
 43260
 43270
 43280
 43290
 4330
 43300
 43310
 43320
 43330
 43340
 43350
 43360
 43370
 43380
 43390
 4340
 43400
 43410
 43420
 43430
 43440
 43450
 43460
 43470
 43480
 43490
 4350
 43500
 43510
 43520
 43530
 43540
 43550
 43560
 43570
 43580
 43590
 4360
 43600
 43610
 43620
 43630
 43640
 43650
 43660
 43670
 43680
 43690
 4370
 43700
 43710
 43720
 43730
 43740
 43750
 43760
 43770
 43780
 43790
 4380
 43800
 43810
 43820
 43830
 43840
 43850
 43860
 43870
 43880
 43890
 4390
 43900
 43910
 43920
 43930
 43940
 43950
 43960
 43970
 43980
 43990
 4400
 44000
 44010
 44020
 44030
 44040
 44050
 44060
 44070
 44080
 44090
 4410
 44100
 44110
 44120
 44130
 44140
 44150
 44160
 44170
 44180
 44190
 4420
 44200
 44210
 44220
 44230
 44240
 44250
 44260
 44270
 44280
 44290
 4430
 44300
 44310
 44320
 44330
 44340
 44350
 44360
 44370
 44380
 44390
 4440
 44400
 44410
 44420
 44430
 44440
 44450
 44460
 44470
 44480
 44490
 4450
 44500
 44510
 44520
 44530
 44540
 44550
 44560
 44570
 44580
 44590
 4460
 44600
 44610
 44620
 44630
 44640
 44650
 44660
 44670
 44680
 44690
 4470
 44700
 44710
 44720
 44730
 44740
 44750
 44760
 44770
 44780
 44790
 4480
 44800
 44810
 44820
 44830
 44840
 44850
 44860
 44870
 44880
 44890
 4490
 44900
 44910
 44920
 44930
 44940
 44950
 44960
 44970
 44980
 44990
 4500
 45000
 45010
 45020
 45030
 45040
 45050
 45060
 45070
 45090
 4510
 45100
 45110
 45120
 45130
 45140
 45150
 45160
 45170
 45180
 45190
 4520
 45200
 45210
 45230
 45240
 45250
 45260
 45270
 45280
 45290
 4530
 45300
 45310
 45320
 45350
 45370
 4540
 45400
 45420
 45430
 45440
 45450
 45460
 45470
 45490
 4550
 45510
 45520
 45530
 45540
 45550
 45560
 45570
 45580
 45590
 4560
 45600
 45620
 45630
 45660
 45670
 45680
 4570
 45700
 45720
 45730
 45740
 45750
 45760
 45770
 45780
 45790
 4580
 45800
 45810
 45820
 45830
 45840
 45850
 45860
 45870
 45880
 45890
 4590
 45910
 45920
 45930
 45940
 45950
 45960
 45970
 45980
 45990
 4600
 46000
 46010
 46020
 46040
 46050
 46060
 46070
 46080
 46090
 4610
 46110
 46120
 46130
 46140
 46160
 46190
 4620
 46200
 46210
 46220
 46230
 46290
 4630
 46300
 46310
 46320
 46340
 46350
 46360
 46370
 46390
 4640
 46400
 46410
 46420
 46430
 46450
 46460
 46480
 4650
 46510
 46520
 46530
 46540
 46570
 46580
 46590
 4660
 46600
 46610
 46630
 46640
 46670
 4670
 46700
 46710
 46740
 46760
 46770
 46780
 46790
 4680
 46810
 46870
 46880
 4690
 46900
 46930
 46940
 46950
 46960
 46970
 46980
 46990
 4700
 47000
 47010
 47020
 47040
 47050
 47060
 47070
 4710
 47100
 47110
 47140
 47150
 47160
 47180
 47190
 4720
 47200
 47210
 47220
 47230
 47240
 47250
 47270
 47280
 47290
 4730
 47300
 47310
 47320
 47340
 47350
 47360
 47370
 47380
 47390
 4740
 47400
 47420
 4750
 4760
 4770
 4780
 4790
 4800
 4810
 4820
 4830
 4840
 4850
 4860
 4870
 4880
 4890
 4900
 4910
 4920
 4930
 4940
 4950
 4960
 4970
 4980
 4990
 5000
 5010
 5020
 5030
 5040
 5050
 5060
 5070
 5080
 5090
 5100
 5110
 5120
 5130
 5140
 5150
 5160
 5170
 5180
 5190
 5200
 5210
 5220
 5230
 5240
 5250
 5260
 5270
 5280
 5290
 5300
 5310
 5320
 5330
 5340
 5350
 5360
 5370
 5380
 5390
 5400
 5410
 5420
 5430
 5440
 5450
 5460
 5470
 5480
 5490
 5500
 5510
 5520
 5530
 5540
 5550
 5560
 5570
 5580
 5590
 5600
 5610
 5620
 5630
 5640
 5650
 5660
 5670
 5680
 5690
 5700
 5710
 5720
 5730
 5740
 5750
 5760
 5770
 5780
 5790
 5800
 5810
 5820
 5830
 5840
 5850
 5860
 5870
 5880
 5890
 5900
 5910
 5920
 5930
 5940
 5950
 5960
 5970
 5980
 5990
 6000
 6010
 6020
 6030
 6040
 6050
 6060
 6070
 6080
 6090
 6100
 6110
 6120
 6130
 6140
 6150
 6160
 6170
 6180
 6190
 6200
 6210
 6220
 6230
 6240
 6250
 6260
 6270
 6280
 6290
 6300
 6310
 6320
 6330
 6340
 6350
 6360
 6370
 6380
 6390
 6400
 6410
 6420
 6430
 6440
 6450
 6460
 6470
 6480
 6490
 6500
 6510
 6520
 6530
 6540
 6550
 6560
 6570
 6580
 6590
 6600
 6610
 6620
 6630
 6640
 6650
 6660
 6670
 6680
 6690
 6700
 6710
 6720
 6730
 6740
 6750
 6760
 6770
 6780
 6790
 6800
 6810
 6820
 6830
 6840
 6850
 6860
 6870
 6880
 6890
 6900
 6910
 6920
 6930
 6940
 6950
 6960
 6970
 6980
 6990
 7000
 7010
 7020
 7030
 7040
 7050
 7060
 7070
 7080
 7090
 7100
 7110
 7120
 7130
 7140
 7150
 7160
 7170
 7180
 7190
 7200
 7210
 7220
 7230
 7240
 7250
 7260
 7270
 7280
 7290
 7300
 7310
 7320
 7330
 7340
 7350
 7360
 7370
 7380
 7390
 7400
 7410
 7420
 7430
 7440
 7450
 7460
 7470
 7480
 7490
 7500
 7510
 7520
 7530
 7540
 7550
 7560
 7570
 7580
 7590
 7600
 7610
 7620
 7630
 7640
 7650
 7660
 7670
 7680
 7690
 7700
 7710
 7720
 7730
 7740
 7750
 7760
 7770
 7780
 7790
 7800
 7810
 7820
 7830
 7840
 7850
 7860
 7870
 7880
 7890
 7900
 7910
 7920
 7930
 7940
 7950
 7960
 7970
 7980
 7990
 8000
 8010
 8020
 8030
 8040
 8050
 8060
 8070
 8080
 8090
 8100
 8110
 8120
 8130
 8140
 8150
 8160
 8170
 8180
 8190
 8200
 8210
 8220
 8230
 8240
 8250
 8260
 8270
 8280
 8290
 8300
 8310
 8320
 8330
 8340
 8350
 8360
 8370
 8380
 8390
 8400
 8410
 8420
 8430
 8440
 8450
 8460
 8470
 8480
 8490
 8500
 8510
 8520
 8530
 8540
 8550
 8560
 8570
 8580
 8590
 8600
 8610
 8620
 8630
 8640
 8650
 8660
 8670
 8680
 8690
 8700
 8710
 8720
 8730
 8740
 8750
 8760
 8770
 8780
 8790
 8800
 8810
 8820
 8830
 8840
 8850
 8860
 8870
 8880
 8890
 8900
 8910
 8920
 8930
 8940
 8950
 8960
 8970
 8980
 8990
 9000
 9010
 9020
 9030
 9040
 9050
 9060
 9070
 9080
 9090
 9100
 9110
 9120
 9130
 9140
 9150
 9160
 9170
 9180
 9190
 9200
 9210
 9220
 9230
 9240
 9250
 9260
 9270
 9280
 9290
 9300
 9310
 9320
 9330
 9340
 9350
 9360
 9370
 9380
 9390
 9400
 9410
 9420
 9430
 9440
 9450
 9460
 9470
 9480
 9490
 9500
 9510
 9520
 9530
 9540
 9550
 9560
 9570
 9580
 9590
 9600
 9610
 9620
 9630
 9640
 9650
 9660
 9670
 9680
 9690
 9700
 9710
 9720
 9730
 9740
 9750
 9760
 9770
 9780
 9790
 9800
 9810
 9820
 9830
 9840
 9850
 9860
 9870
 9880
 9890
 9900
 9910
 9920
 9930
 9940
 9950
 9960
 9970
 9980
 9990
