11300
11600
11900
12500
12800
13200
13300
13400
13700
14000
14100
14200
14300
14500
14700
15400
15500
15600
15700
15800
16500
16900
17100
17400
17600
17700
17800
17900
18200
18300
18600
18700
19000
20000
20100
20200
20600
21300
22400
23800
24000
25000
29400
29800
30000
30100
30300
30700
31000
31500
31600
32300
34900
36300
37700
37800
37900
38300
38400
38500
39100
39300
39400
39500
40200
40400
41100
41700
41800
41900
42000
42700
43000
44000
44300
44400
45700
46300
46800
47100
47900
48500
50100
51600
51700
52000
52200
55000
55100
55300
55400
55800
56300
56900
57000
57200
57300
58000
58200
58300
58500
58600
58700
59900
62000
67000
67600
67800
68500
69800
70100
70200
71100
71300
71400
71500
71900
72100
72400
72800
73300
73700
73800
74200
74300
74700
81000
81900
84500
85000
85100
85300
85500
85600
85800
85900
86400
86700
87000
87100
87200
87400
87600
87800
87900
88300
88600
89100
89300
91700
92000
92400
92600
92800
95300
95800
96200
97900
98100
98300
100500
100900
101200
101300
101600
102000
105000
105500
105700
129800
130100
156200
171200
171500
171800
172100
172200
172300
172500
172800
172900
173000
173200
173700
174000
174200
174400
174900
175000
175100
176400
177100
178400
182500
257000
257700
257800
258200
258300
258400
258700
259000
259500
259600
259800
260100
260300
260600
260700
260900
261700
262200
264000
264200
264300
264500
264600
265000
266100
266500
266800
267000
267100
267200
267700
269300
270900
272100
272300
272700
273600
274000
274100
275200
275900
276000
277500
277900
278100
279600
279700
280100
280300
280400
280800
281000
281300
281600
281700
281900
282100
282600
283900
284000
284300
284700
285300
290100
290300
291200
291400
291800
292600
293700
294800
