#! FIELDS c file.free der_c
#! SET min_c -17.6777
#! SET max_c 1914.76
#! SET nbins_c  1095
#! SET periodic_c false
  -17.677700000   -1.296332196   -0.918682673
  -15.911303565   -4.262077162   -2.720271365
  -14.144907130  -12.370252618   -7.024512059
  -12.378510695  -31.709715258  -15.778458245
  -10.612114260  -71.788559240  -30.684929698
   -8.845717824 -143.598426098  -51.336877865
   -7.079321389 -253.932382532  -73.122698249
   -5.312924954 -397.339970285  -87.056461818
   -3.546528519 -551.064080205  -83.466550396
   -1.780132084 -679.407005748  -58.482217204
   -0.013735649 -748.739105066  -18.610882128
    1.752660786 -745.099049056   21.384778563
    3.519057221 -681.932344564   46.874373707
    5.285453656 -591.880080821   51.749987024
    7.051850091 -508.766300694   40.446860904
    8.818246527 -452.569978340   23.031544189
   10.584642962 -425.717121893    8.314773207
   12.351039397 -419.306061167    0.071502323
   14.117435832 -422.080174367   -2.459378111
   15.883832267 -426.237201861   -1.962280998
   17.650228702 -428.660177680   -0.795437372
   19.416625137 -429.372271310   -0.117303572
   21.183021572 -429.373299907   -0.143219827
   22.949418007 -429.768757658   -0.334282650
   24.715814442 -430.562430378   -0.544333871
   26.482210878 -431.599006688   -0.607229909
   28.248607313 -432.610509442   -0.547840446
   30.015003748 -433.459102195   -0.433262199
   31.781400183 -434.099887277   -0.320857630
   33.547796618 -434.541717983   -0.210395933
   35.314193053 -434.771322298   -0.069870097
   37.080589488 -434.719271538    0.102338327
   38.846985923 -434.350462629    0.285333266
   40.613382358 -433.693548722    0.424169261
   42.379778793 -432.858141150    0.477694767
   44.146175229 -432.003203661    0.452323934
   45.912571664 -431.239312277    0.375353323
   47.678968099 -430.634451928    0.280943947
   49.445364534 -430.206180683    0.176488676
   51.211760969 -429.968154487    0.065600425
   52.978157404 -429.914621232   -0.028703655
   54.744553839 -429.983593055   -0.059069402
   56.510950274 -430.024178619    0.002105978
   58.277346709 -429.867505560    0.158553202
   60.043743144 -429.389941631    0.353907025
   61.810139580 -428.590511843    0.509367900
   63.576536015 -427.604183481    0.557108481
   65.342932450 -426.636739063    0.501659351
   67.109328885 -425.813174655    0.405764721
   68.875725320 -425.120203136    0.362327187
   70.642121755 -424.425831486    0.408236162
   72.408518190 -423.616718433    0.479152527
   74.174914625 -422.748065741    0.451944975
   75.941311060 -422.069146574    0.257579502
   77.707707495 -421.861068587   -0.056083257
   79.474103931 -422.200573396   -0.331312267
   81.240500366 -422.862987640   -0.409975955
   83.006896801 -423.450651188   -0.248790014
   84.773293236 -423.629832907    0.018075079
   86.539689671 -423.385496187    0.204460478
   88.306086106 -422.983432140    0.186814175
   90.072482541 -422.779709612    0.000806758
   91.838878976 -422.949074750   -0.208258575
   93.605275411 -423.387593316   -0.288775077
   95.371671846 -423.817873008   -0.199188539
   97.138068282 -424.005718971   -0.041163650
   98.904464717 -423.970077860    0.032136144
  100.670861152 -423.957177562   -0.077644604
  102.437257587 -424.263537291   -0.304437717
  104.203654022 -424.952704763   -0.480975510
  105.970050457 -425.797432242   -0.462328443
  107.736446892 -426.431420828   -0.263000551
  109.502843327 -426.656173461   -0.026633320
  111.269239762 -426.555631464    0.085035895
  113.035636197 -426.406008687    0.038423432
  114.802032633 -426.418718462   -0.084728345
  116.568429068 -426.628464825   -0.166984286
  118.334825503 -426.921929491   -0.189000716
  120.101221938 -427.230075462   -0.190950631
  121.867618373 -427.581611349   -0.244035268
  123.634014808 -428.089944084   -0.367816445
  125.400411243 -428.853060279   -0.526819460
  127.166807678 -429.876927832   -0.644326533
  128.933204113 -431.009022354   -0.641253732
  130.699600548 -431.990273297   -0.469643218
  132.465996984 -432.542365791   -0.166276036
  134.232393419 -432.522489078    0.156500175
  135.998789854 -432.013240498    0.363377690
  137.765186289 -431.299755630    0.385036547
  139.531582724 -430.705841206    0.239524288
  141.297979159 -430.457995063    0.009630862
  143.064375594 -430.605781354   -0.191820189
  144.830772029 -431.015599447   -0.277117452
  146.597168464 -431.439636716   -0.204249668
  148.363564899 -431.620370875   -0.015136796
  150.129961335 -431.437113760    0.185979369
  151.896357770 -430.979933382    0.273995953
  153.662754205 -430.521945779    0.189827778
  155.429150640 -430.337703868   -0.022018441
  157.195547075 -430.545232917   -0.226829663
  158.961943510 -431.005089579   -0.291539561
  160.728339945 -431.410403168   -0.161261230
  162.494736380 -431.452757135    0.093902109
  164.261132815 -431.030464717    0.343578831
  166.027529250 -430.275352080    0.456045508
  167.793925686 -429.476208331    0.390742534
  169.560322121 -428.919557056    0.192023211
  171.326718556 -428.782269071   -0.064878683
  173.093114991 -429.106263563   -0.326109097
  174.859511426 -429.857447789   -0.538411725
  176.625907861 -430.892420662   -0.632883900
  178.392304296 -431.928177865   -0.526740527
  180.158700731 -432.563886019   -0.182251265
  181.925097166 -432.432633389    0.311136536
  183.691493601 -431.444671428    0.747710602
  185.457890037 -429.917019894    0.889340382
  187.224286472 -428.489328465    0.642092906
  188.990682907 -427.765268673    0.131192769
  190.757079342 -427.956952536   -0.347132139
  192.523475777 -428.757455996   -0.519419399
  194.289872212 -429.524824316   -0.322955636
  196.056268647 -429.720622338    0.091295481
  197.822665082 -429.178043099    0.469035910
  199.589061517 -428.151308472    0.621903547
  201.355457952 -427.092447546    0.508625275
  203.121854388 -426.401975549    0.224166168
  204.888250823 -426.257950523   -0.079665035
  206.654647258 -426.578302241   -0.290823236
  208.421043693 -427.136921010   -0.332320348
  210.187440128 -427.615252482   -0.205159478
  211.953836563 -427.734589345    0.056831154
  213.720232998 -427.328470424    0.375225435
  215.486629433 -426.402699457    0.620868488
  217.253025868 -425.210623720    0.658268946
  219.019422303 -424.209238400    0.395223321
  220.785818739 -423.917389027   -0.121881390
  222.552215174 -424.631742523   -0.699771866
  224.318611609 -426.199857159   -1.037939303
  226.085008044 -427.965605213   -0.901054138
  227.851404479 -429.046194741   -0.281401216
  229.617800914 -428.789225871    0.548003230
  231.384197349 -427.174906874    1.192355628
  233.150593784 -424.812436384    1.360727864
  234.916990219 -422.622026864    1.021847012
  236.683386654 -421.353598053    0.352019601
  238.449783090 -421.370922884   -0.391910288
  240.216179525 -422.621671893   -1.019674484
  241.982575960 -424.772068835   -1.388476498
  243.748972395 -427.262531037   -1.387349550
  245.515368830 -429.359988105   -0.936734709
  247.281765265 -430.298880329   -0.112831711
  249.048161700 -429.646853350    0.800695337
  250.814558135 -427.618212466    1.378179411
  252.580954570 -425.118812374    1.305669459
  254.347351005 -423.332083524    0.614697409
  256.113747441 -423.039982190   -0.299132478
  257.880143876 -424.155789673   -0.896612512
  259.646540311 -425.770086485   -0.845072687
  261.412936746 -426.757143420   -0.239313056
  263.179333181 -426.522107015    0.443256999
  264.945729616 -425.434514649    0.642264687
  266.712126051 -424.664936021    0.076052059
  268.478522486 -425.468751551   -1.073162343
  270.244918921 -428.406309177   -2.222401987
  272.011315356 -432.874771834   -2.707251835
  273.777711792 -437.291157661   -2.133966810
  275.544108227 -439.816885955   -0.636803445
  277.310504662 -439.313221246    1.161755348
  279.076901097 -435.990089762    2.419577988
  280.843297532 -431.425307471    2.492676813
  282.609693967 -427.896736176    1.286263356
  284.376090402 -427.286848693   -0.683874140
  286.142486837 -430.184733512   -2.521574780
  287.908883272 -435.575746197   -3.395203768
  289.675279707 -441.341738053   -2.938311037
  291.441676143 -445.275614625   -1.418301167
  293.208072578 -446.109974373    0.428428329
  294.974469013 -444.014202236    1.769059968
  296.740865448 -440.417760676    2.081465586
  298.507261883 -437.241771527    1.330217588
  300.273658318 -436.048641970   -0.062161008
  302.040054753 -437.424195872   -1.471389172
  303.806451188 -440.878072957   -2.336402481
  305.572847623 -445.137217164   -2.362999965
  307.339244059 -448.707625542   -1.595260547
  309.105640494 -450.446283754   -0.361246475
  310.872036929 -449.936800735    0.863883511
  312.638433364 -447.596366351    1.651542683
  314.404829799 -444.439725220    1.780439040
  316.171226234 -441.631323188    1.281875536
  317.937622669 -440.096124926    0.392277021
  319.704019104 -440.254261623   -0.583563738
  321.470415539 -442.008325871   -1.384095396
  323.236811974 -444.875489298   -1.820981348
  325.003208410 -448.124734483   -1.808714692
  326.769604845 -450.959897544   -1.367725622
  328.536001280 -452.731049973   -0.637573792
  330.302397715 -453.122981865    0.155750987
  332.068794150 -452.211398370    0.814073820
  333.835190585 -450.327461838    1.256826198
  335.601587020 -447.831625759    1.511034351
  337.367983455 -445.040772715    1.593271689
  339.134379890 -442.311342516    1.415482367
  340.900776325 -440.210423136    0.866596576
  342.667172761 -439.408533535   -0.028828151
  344.433569196 -440.313660827   -1.002063063
  346.199965631 -442.687764646   -1.623737392
  347.966362066 -445.598981231   -1.579019856
  349.732758501 -447.826205735   -0.888848815
  351.499154936 -448.510256334    0.096294121
  353.265551371 -447.562028734    0.877531680
  355.031947806 -445.699431718    1.088668928
  356.798344241 -444.055730406    0.646294484
  358.564740676 -443.642816769   -0.254985170
  360.331137112 -444.943800127   -1.223469853
  362.097533547 -447.701083189   -1.832992059
  363.863929982 -450.976028452   -1.767850756
  365.630326417 -453.452048573   -0.941915892
  367.396722852 -453.901228077    0.476718594
  369.163119287 -451.603245254    2.088312631
  370.929515722 -446.669235925    3.373415796
  372.695912157 -440.119252242    3.848525827
  374.462308592 -433.693918828    3.196987583
  376.228705027 -429.459550334    1.394673779
  377.995101463 -429.242982643   -1.281698322
  379.761497898 -434.131666345   -4.275571030
  381.527894333 -444.066757414   -6.876867636
  383.294290768 -457.723427157   -8.376591504
  385.060687203 -472.661837540   -8.280357305
  386.827083638 -485.911025710   -6.487587161
  388.593480073 -494.781746546   -3.437450705
  390.359876508 -497.786889086   -0.018030506
  392.126272943 -495.185729555    2.748544187
  393.892669378 -488.868638546    4.103743910
  395.659065814 -481.626125954    3.807389838
  397.425462249 -476.185323792    2.150081722
  399.191858684 -474.425628568   -0.242074837
  400.958255119 -476.988976170   -2.623916639
  402.724651554 -483.242411122   -4.325359963
  404.491047989 -491.540933254   -4.882937704
  406.257444424 -499.694090171   -4.178890490
  408.023840859 -505.658657039   -2.486284639
  409.790237294 -508.170097905   -0.378305246
  411.556633729 -507.082924627    1.485886334
  413.323030165 -503.312789560    2.600193462
  415.089426600 -498.453248447    2.689771597
  416.855823035 -494.384643381    1.720609783
  418.622219470 -492.859314938   -0.141289020
  420.388615905 -495.113940913   -2.470293405
  422.155012340 -501.408533301   -4.584560482
  423.921408775 -510.667421814   -5.700703291
  425.687805210 -520.546916731   -5.220955592
  427.454201645 -528.032589828   -3.025442552
  429.220598080 -530.450020862    0.386005252
  430.986994516 -526.502993679    3.974940083
  432.753390951 -516.988173081    6.488218465
  434.519787386 -504.787596641    6.884062809
  436.286183821 -494.105770023    4.771936278
  438.052580256 -489.076977212    0.641250152
  439.818976691 -492.238053970   -4.240812360
  441.585373126 -503.499541352   -8.264472419
  443.351769561 -520.082864531  -10.104131611
  445.118165996 -537.535603246   -9.255485217
  446.884562431 -551.416524359   -6.217388847
  448.650958867 -558.895546833   -2.256531417
  450.417355302 -559.644921381    1.173651857
  452.183751737 -555.645856532    2.992066377
  453.950148172 -550.195277800    2.826724153
  455.716544607 -546.576541681    1.025470698
  457.482941042 -546.977473500   -1.549274180
  459.249337477 -551.858669946   -3.877729104
  461.015733912 -559.964813916   -5.083062987
  462.782130347 -568.824369670   -4.700653516
  464.548526782 -575.624846797   -2.822295869
  466.314923218 -578.203955851   -0.067622113
  468.081319653 -575.834869488    2.608182901
  469.847716088 -569.539195682    4.239170373
  471.614112523 -561.779820086    4.209395129
  473.380508958 -555.615762856    2.484491506
  475.146905393 -553.613537977   -0.363085739
  476.913301828 -556.930928656   -3.359313638
  478.679698263 -564.903225138   -5.477689815
  480.446094698 -575.299592076   -6.039465616
  482.212491133 -585.187713829   -4.947674861
  483.978887569 -592.036097007   -2.723046749
  485.745284004 -594.600675104   -0.264289740
  487.511680439 -593.297457269    1.527961037
  489.278076874 -589.867250889    2.092972501
  491.044473309 -586.580756388    1.411447840
  492.810869744 -585.273591762   -0.029578668
  494.577266179 -586.630023953   -1.477983310
  496.343662614 -590.030923179   -2.250860635
  498.110059049 -593.940048525   -2.038834703
  499.876455484 -596.684818646   -0.994717931
  501.642851920 -597.161584786    0.433898929
  503.409248355 -595.146132545    1.751297171
  505.175644790 -591.181493576    2.597426879
  506.942041225 -586.294659272    2.770333035
  508.708437660 -581.764040122    2.195669221
  510.474834095 -578.882176508    0.926870688
  512.241230530 -578.671218456   -0.757895842
  514.007626965 -581.454734035   -2.369753915
  515.774023400 -586.610971419   -3.358903855
  517.540419835 -592.702739225   -3.413742199
  519.306816271 -598.081330268   -2.591380933
  521.073212706 -601.502764058   -1.289792498
  522.839609141 -602.566445686    0.011577976
  524.606005576 -601.648337941    0.896376817
  526.372402011 -599.709595461    1.149333306
  528.138798446 -597.915618485    0.742199871
  529.905194881 -597.288173097   -0.115558033
  531.671591316 -598.268438085   -0.984338516
  533.437987751 -600.387208164   -1.318651584
  535.204384186 -602.322269617   -0.739004701
  536.970780622 -602.435597686    0.677041651
  538.737177057 -599.682098461    2.384170761
  540.503573492 -594.230565149    3.604312648
  542.269969927 -587.516740605    3.754990758
  544.036366362 -581.614719512    2.704215441
  545.802762797 -578.397312866    0.807781550
  547.569159232 -578.835356580   -1.326229624
  549.335555667 -582.792605956   -3.092905881
  551.101952102 -589.239278064   -4.100631181
  552.868348537 -596.722012720   -4.275791871
  554.634744973 -603.896862233   -3.805857804
  556.401141408 -609.875573362   -2.963728603
  558.167537843 -614.201657918   -1.957041929
  559.933934278 -616.646346413   -0.829659726
  561.700330713 -616.966252775    0.457431338
  563.466727148 -614.891525028    1.866568409
  565.233123583 -610.354218435    3.201178441
  566.999520018 -603.763764526    4.126012445
  568.765916453 -596.149852464    4.312453621
  570.532312888 -589.004699310    3.590542959
  572.298709324 -583.904207612    2.025385596
  574.065105759 -582.094776793   -0.070463884
  575.831502194 -584.162102059   -2.298223686
  577.597898629 -590.028994499   -4.325134840
  579.364295064 -599.163303762   -5.989535974
  581.130691499 -610.880576997   -7.246523437
  582.897087934 -624.425510258   -8.042706720
  584.663484369 -638.861809753   -8.225975550
  586.429880804 -652.944022980   -7.614351440
  588.196277239 -665.201343524   -6.174903919
  589.962673675 -674.345929864   -4.157060039
  591.729070110 -679.767838406   -2.047844281
  593.495466545 -681.767885035   -0.351185863
  595.261862980 -681.345270068    0.680134769
  597.028259415 -679.631218819    1.162975661
  598.794655850 -677.277020253    1.471297374
  600.561052285 -674.225852337    2.006386256
  602.327448720 -669.868189337    2.963453359
  604.093845155 -663.480635413    4.269368843
  605.860241590 -654.656903187    5.672035349
  607.626638026 -643.525559892    6.811882960
  609.393034461 -630.896142781    7.301257048
  611.159430896 -618.250200151    6.779638591
  612.925827331 -607.584833984    5.044830040
  614.692223766 -601.013154410    2.195601661
  616.458620201 -600.182014956   -1.362405313
  618.225016636 -605.825087898   -5.037356880
  619.991413071 -617.617627639   -8.234657215
  621.757809506 -634.309167938  -10.533920078
  623.524205941 -654.092146852  -11.719810028
  625.290602377 -674.971076674  -11.783313431
  627.056998812 -695.084296530  -10.886183601
  628.823395247 -712.929647979   -9.260334699
  630.589791682 -727.447351591   -7.158284028
  632.356188117 -738.016325480   -4.826889748
  634.122584552 -744.463586860   -2.535712506
  635.888980987 -747.101901200   -0.554373417
  637.655377422 -746.683701425    0.892009808
  639.421773857 -744.265366828    1.702089732
  641.188170293 -740.969594443    1.898645989
  642.954566728 -737.775185395    1.618242169
  644.720963163 -735.316523522    1.115458557
  646.487359598 -733.701587824    0.710017724
  648.253756033 -732.471735540    0.725710377
  650.020152468 -730.712900669    1.316539419
  651.786548903 -727.427030072    2.418538740
  653.552945338 -721.917417229    3.786891892
  655.319341773 -713.987321407    5.106837165
  657.085738208 -703.964184073    6.126890924
  658.852134644 -692.517249341    6.713066529
  660.618531079 -680.430404914    6.856352343
  662.384927514 -668.421970434    6.638551028
  664.151323949 -657.082843978    6.097589671
  665.917720384 -647.040276144    5.149336325
  667.684116819 -639.187965635    3.569691896
  669.450513254 -634.856129035    1.141651009
  671.216909689 -635.628067025   -2.205030237
  672.983306124 -643.015047742   -6.302681949
  674.749702559 -658.034011009  -10.762595900
  676.516098995 -680.866686352  -15.048929532
  678.282495430 -710.687094245  -18.585464468
  680.048891865 -745.690472293  -20.834293862
  681.815288300 -783.270605884  -21.465279740
  683.581684735 -820.478785123  -20.441560768
  685.348081170 -854.599191878  -18.036211047
  687.114477605 -883.614966715  -14.760781162
  688.880874040 -906.495257309  -11.168156974
  690.647270475 -923.086704442   -7.695968925
  692.413666910 -933.831983449   -4.567472401
  694.180063346 -939.397709424   -1.832067944
  695.946459781 -940.474416926    0.515979741
  697.712856216 -937.762266999    2.439505004
  699.479252651 -932.101073921    3.833388458
  701.245649086 -924.561549497    4.532237700
  703.012045521 -916.495023872    4.408841903
  704.778441956 -909.413286561    3.408999133
  706.544838391 -904.801696687    1.647873311
  708.311234826 -903.786710527   -0.600521398
  710.077631261 -906.855608958   -2.901975739
  711.844027697 -913.681367127   -4.782192263
  713.610424132 -923.207187432   -5.928548625
  715.376820567 -934.052343512   -6.299526625
  717.143217002 -945.017955375   -6.107906188
  718.909613437 -955.376406121   -5.662818712
  720.676009872 -964.861967807   -5.121040273
  722.442406307 -973.289067895   -4.449063826
  724.208802742 -980.306050504   -3.497888342
  725.975199177 -985.351641519   -2.229989525
  727.741595612 -987.997944798   -0.822409871
  729.507992048 -988.247999567    0.437153099
  731.274388483 -986.554578578    1.376857706
  733.040784918 -983.445777480    2.058201048
  734.807181353 -979.203839173    2.697092218
  736.573577788 -973.778273260    3.385207541
  738.339974223 -967.199793938    3.955556627
  740.106370658 -959.994294953    4.025809726
  741.872767093 -953.370181979    3.260683137
  743.639163528 -948.896818830    1.611088731
  745.405559963 -947.911618070   -0.614755781
  747.171956399 -950.956991250   -2.839931502
  748.938352834 -957.462264681   -4.446236289
  750.704749269 -965.960800908   -5.069540652
  752.471145704 -974.711946603   -4.778974467
  754.237542139 -982.458455786   -4.027137103
  756.003938574 -988.859672283   -3.322635736
  757.770335009 -994.234409059   -2.863635120
  759.536731444 -998.871174558   -2.411809558
  761.303127879 -1002.366533136   -1.490161372
  763.069524314 -1003.524637754    0.271166259
  764.835920750 -1000.795370857    2.867079571
  766.602317185 -993.002282069    5.932385944
  768.368713620 -979.789242511    8.910263422
  770.135110055 -961.738471108   11.353477684
  771.901506490 -940.009240727   13.044995982
  773.667902925 -915.962073354   13.998391773
  775.434299360 -890.867598076   14.227035946
  777.200695795 -866.057952345   13.654862620
  778.967092230 -843.120304321   12.065469984
  780.733488665 -824.026846704    9.287527016
  782.499885101 -810.881323347    5.352091623
  784.266281536 -805.484401656    0.593847592
  786.032677971 -808.831310648   -4.437431465
  787.799074406 -820.837203285   -9.113971498
  789.565470841 -840.317525699  -12.787886136
  791.331867276 -865.016193224  -14.954971137
  793.098263711 -891.987043567  -15.345868925
  794.864660146 -918.143541479  -14.082163192
  796.631056581 -940.956274980  -11.659944341
  798.397453016 -958.940686393   -8.723300534
  800.163849452 -971.683506114   -5.786131944
  801.930245887 -979.439161968   -3.084708108
  803.696642322 -982.651372563   -0.629176454
  805.463038757 -981.706815603    1.622402093
  807.229435192 -976.980934228    3.626438383
  808.995831627 -969.082149146    5.169179922
  810.762228062 -959.108856182    5.911010418
  812.528624497 -948.801090760    5.480189380
  814.295020932 -940.483100405    3.637658820
  816.061417367 -936.617580881    0.497830837
  817.827813803 -939.008965451   -3.294176272
  819.594210238 -947.872854398   -6.622915823
  821.360606673 -961.297864454   -8.283348899
  823.127003108 -975.614551523   -7.585792165
  824.893399543 -986.722628352   -4.773383108
  826.659795978 -991.764458287   -0.949325090
  828.426192413 -990.207137686    2.476749060
  830.192588848 -983.765283508    4.475206773
  831.958985283 -975.335108539    4.731540571
  833.725381718 -967.782083378    3.570089740
  835.491778154 -963.115952549    1.563264002
  837.258174589 -962.340612814   -0.750293789
  839.024571024 -965.575964598   -2.907280135
  840.790967459 -972.179197345   -4.501432069
  842.557363894 -980.834266476   -5.192345751
  844.323760329 -989.755462729   -4.783282573
  846.090156764 -996.976112544   -3.304109765
  847.856553199 -1000.776351012   -0.945890783
  849.622949634 -999.882838202    1.949530352
  851.389346069 -993.702362798    4.969007483
  853.155742505 -982.415887065    7.657353246
  854.922138940 -966.982395411    9.600844226
  856.688535375 -948.961954188   10.573336497
  858.454931810 -930.080443883   10.606675612
  860.221328245 -911.807523468    9.927684513
  861.987724680 -895.180101339    8.772217883
  863.754121115 -880.967222396    7.169656220
  865.520517550 -870.089907983    4.966950165
  867.286913985 -863.765850487    1.997699346
  869.053310420 -863.327964248   -1.661348018
  870.819706856 -869.686557469   -5.594756882
  872.586103291 -882.776116550   -9.181268621
  874.352499726 -901.401852514  -11.763660798
  876.118896161 -923.352050273  -12.877504083
  877.885292596 -945.837927786  -12.377072973
  879.651689031 -966.119313566  -10.427478422
  881.418085466 -982.007930320   -7.502321807
  883.184481901 -992.334571531   -4.247090987
  884.950878336 -997.117962271   -1.329714692
  886.717274771 -997.429648546    0.760778573
  888.483671207 -994.969249997    1.801483782
  890.250067642 -991.560878977    1.864128508
  892.016464077 -988.728268858    1.195981535
  893.782860512 -987.493782134    0.107207808
  895.549256947 -988.308114181   -1.074693615
  897.315653382 -991.039216490   -2.009364954
  899.082049817 -994.987263629   -2.419623622
  900.848446252 -999.115965525   -2.229489015
  902.614842687 -1002.498170651   -1.626707686
  904.381239122 -1004.701247843   -0.946331940
  906.147635558 -1005.812407393   -0.412190732
  907.914031993 -1006.082185377    0.048521969
  909.680428428 -1005.415657535    0.698351677
  911.446824863 -1003.236906714    1.788100355
  913.213221298 -998.716302114    3.329585006
  914.979617733 -991.251789176    5.053625273
  916.746014168 -980.889924589    6.540101527
  918.512410603 -968.418038008    7.394955582
  920.278807038 -955.146636343    7.427582722
  922.045203473 -942.507694530    6.704674565
  923.811599909 -931.654231246    5.456073705
  925.577996344 -923.294461603    3.909071692
  927.344392779 -917.806575233    2.232968628
  929.110789214 -915.327323067    0.505118888
  930.877185649 -915.894575245   -1.200911633
  932.643582084 -919.408873696   -2.816405854
  934.409978519 -925.637655685   -4.269656730
  936.176374954 -934.236226342   -5.480885267
  937.942771389 -944.705368487   -6.383090593
  939.709167824 -956.463109550   -6.922223582
  941.475564260 -968.865503081   -7.131444667
  943.241960695 -981.437127638   -7.142306050
  945.008357130 -993.988145341   -7.137878776
  946.774753565 -1006.584486482   -7.187193543
  948.541150000 -1019.220512768   -7.134377165
  950.307546435 -1031.407633417   -6.610585177
  952.073942870 -1041.950640851   -5.212186206
  953.840339305 -1049.085796962   -2.752169013
  955.606735740 -1051.009361096    0.638561124
  957.373132176 -1046.426391643    4.525686061
  959.139528611 -1034.963604674    8.327086885
  960.905925046 -1017.288512625   11.473973656
  962.672321481 -994.969143234   13.522700829
  964.438717916 -970.211211906   14.209391350
  966.205114351 -945.511296876   13.456184473
  967.971510786 -923.346039813   11.372945005
  969.737907221 -905.840770553    8.234942638
  971.504303656 -894.506753052    4.464986691
  973.270700091 -890.022907191    0.556596426
  975.037096527 -892.212142805   -3.009911000
  976.803492962 -900.099649591   -5.849158971
  978.569889397 -912.141274499   -7.664864614
  980.336285832 -926.366247330   -8.313675771
  982.102682267 -940.688923591   -7.783790155
  983.869078702 -953.183146266   -6.294874814
  985.635475137 -962.523203309   -4.306124469
  987.401871572 -968.330099608   -2.383555364
  989.168268007 -971.180796066   -1.015748588
  990.934664442 -972.267640111   -0.384560757
  992.701060878 -972.805564471   -0.347432839
  994.467457313 -973.578590741   -0.605845735
  996.233853748 -974.887487557   -0.939713664
  998.000250183 -976.846952230   -1.364326047
  999.766646618 -979.765706605   -2.057032093
 1001.533043053 -984.242431903   -3.134818381
 1003.299439488 -990.854057671   -4.412461458
 1005.065835923 -999.516233194   -5.351386557
 1006.832232358 -1008.997904924   -5.218493664
 1008.598628793 -1016.883647752   -3.490480970
 1010.365025229 -1020.292747629   -0.214526147
 1012.131421664 -1017.026762496    3.902661236
 1013.897818099 -1006.531239443    7.797990303
 1015.664214534 -990.083100442   10.508824172
 1017.430610969 -970.259130749   11.584158564
 1019.197007404 -949.977097618   11.083823462
 1020.963403839 -931.722772727    9.352418297
 1022.729800274 -917.302566193    6.804786159
 1024.496196709 -907.838248178    3.799394328
 1026.262593144 -903.859302316    0.642407716
 1028.028989580 -905.343901089   -2.324070842
 1029.795386015 -911.627676547   -4.738557867
 1031.561782450 -921.429333037   -6.259964569
 1033.328178885 -932.981170151   -6.705225522
 1035.094575320 -944.383781913   -6.109624584
 1036.860971755 -954.001455148   -4.753123629
 1038.627368190 -960.873194659   -3.074593345
 1040.393764625 -964.864990253   -1.568664841
 1042.160161060 -966.644347513   -0.615172903
 1043.926557495 -967.356362090   -0.365043996
 1045.692953931 -968.187805207   -0.708596134
 1047.459350366 -969.947553725   -1.357591557
 1049.225746801 -972.867724403   -1.972511402
 1050.992143236 -976.657371776   -2.316995035
 1052.758539671 -980.759557115   -2.344766706
 1054.524936106 -984.712289949   -2.169894165
 1056.291332541 -988.288159973   -1.939097934
 1058.057728976 -991.406454328   -1.626214520
 1059.824125411 -993.722715194   -0.979711927
 1061.590521846 -994.351543735    0.340483479
 1063.356918282 -991.921868332    2.478184948
 1065.123314717 -985.141768839    5.186832512
 1066.889711152 -973.523161220    7.831403909
 1068.656107587 -957.860799546    9.647330046
 1070.422504022 -940.164718782   10.069924136
 1072.188900457 -923.081481894    8.968314234
 1073.955296892 -909.088442444    6.646132555
 1075.721693327 -899.876946454    3.656492420
 1077.488089762 -896.091436031    0.605804806
 1079.254486197 -897.339283917   -1.967903687
 1081.020882633 -902.382709179   -3.623641919
 1082.787279068 -909.343595138   -4.129702351
 1084.553675503 -916.191804545   -3.529679138
 1086.320071938 -921.258612661   -2.190082392
 1088.086468373 -923.703365055   -0.652886546
 1089.852864808 -923.624477899    0.610302630
 1091.619261243 -921.784071541    1.307143700
 1093.385657678 -919.331429862    1.289232276
 1095.152054113 -917.620693716    0.450581766
 1096.918450548 -918.169997292   -1.269591718
 1098.684846984 -922.475610051   -3.764791624
 1100.451243419 -931.592331277   -6.618696817
 1102.217639854 -945.553975828   -9.117786804
 1103.984036289 -963.021997969  -10.470869145
 1105.750432724 -981.421025310  -10.114651711
 1107.516829159 -997.589445342   -7.983567602
 1109.283225594 -1008.736875614   -4.540282180
 1111.049622029 -1013.252055071   -0.627264187
 1112.816018464 -1011.085734488    2.887700613
 1114.582414899 -1003.547264618    5.391975205
 1116.348811335 -992.669880409    6.662854485
 1118.115207770 -980.558554901    6.824109070
 1119.881604205 -968.931089772    6.183466850
 1121.648000640 -958.901934595    5.065176393
 1123.414397075 -951.028169792    3.787445982
 1125.180793510 -945.355232211    2.602911913
 1126.947189945 -941.578346959    1.655375215
 1128.713586380 -939.282578127    0.890727914
 1130.479982815 -938.315751738    0.104323432
 1132.246379250 -938.933362208   -0.918093838
 1134.012775686 -941.616885526   -2.222436141
 1135.779172121 -946.697954433   -3.573909965
 1137.545568556 -953.953760616   -4.627451661
 1139.311964991 -962.614528112   -5.146764828
 1141.078361426 -971.723871731   -5.157457683
 1142.844757861 -980.544242703   -4.856454767
 1144.611154296 -988.691725693   -4.405300436
 1146.377550731 -995.882344504   -3.742274607
 1148.143947166 -1001.542433152   -2.634694495
 1149.910343601 -1004.697485204   -0.892116708
 1151.676740037 -1004.250144713    1.402974400
 1153.443136472 -999.516699509    3.894087252
 1155.209532907 -990.548328370    6.122113195
 1156.975929342 -978.108789031    7.796247636
 1158.742325777 -963.231104531    8.902423057
 1160.508722212 -946.781423985    9.606814756
 1162.275118647 -929.310926344   10.068512071
 1164.041515082 -911.235440341   10.276040698
 1165.807911517 -893.177562788   10.008445767
 1167.574307952 -876.210279551    8.995213045
 1169.340704388 -861.777812519    7.146947313
 1171.107100823 -851.253075392    4.613791929
 1172.873497258 -845.563561792    1.734284457
 1174.639893693 -845.025954019   -1.178800115
 1176.406290128 -849.526582986   -3.942909674
 1178.172686563 -858.719232161   -6.488688525
 1179.939082998 -872.140745967   -8.689483225
 1181.705479433 -889.001951082  -10.354634356
 1183.471875868 -908.139732642  -11.217882820
 1185.238272303 -927.965505992  -11.127622406
 1187.004668739 -946.767892512  -10.064956202
 1188.771065174 -962.939776773   -8.175665989
 1190.537461609 -975.213125196   -5.690404398
 1192.303858044 -982.738570836   -2.837421219
 1194.070254479 -985.046831330    0.176836849
 1195.836650914 -982.038573969    3.156070931
 1197.603047349 -973.976110569    5.848197387
 1199.369443784 -961.628519692    7.949980805
 1201.135840219 -946.319712826    9.164614782
 1202.902236654 -929.779020850    9.335107755
 1204.668633090 -913.801567166    8.558270709
 1206.435029525 -899.838731364    7.105224263
 1208.201425960 -888.834534548    5.229605854
 1209.967822395 -881.415942013    3.062015784
 1211.734218830 -878.052889257    0.643990160
 1213.500615265 -879.082121865   -1.867165581
 1215.267011700 -884.389971686   -4.130840283
 1217.033408135 -893.170258843   -5.730265596
 1218.799804570 -903.966031713   -6.397001246
 1220.566201005 -915.088898021   -6.115000135
 1222.332597441 -925.050543975   -5.146323345
 1224.098993876 -932.974243524   -3.869451699
 1225.865390311 -938.659977114   -2.659613377
 1227.631786746 -942.413113581   -1.685868584
 1229.398183181 -944.546425067   -0.762574593
 1231.164579616 -944.738975063    0.608466260
 1232.930976051 -941.708156745    2.952557746
 1234.697372486 -933.542526282    6.403288613
 1236.463768921 -918.607478331   10.480622411
 1238.230165356 -896.552466589   14.305918633
 1239.996561792 -868.604896859   17.046117860
 1241.762958227 -837.089538958   18.329885883
 1243.529354662 -804.525248993   18.287294148
 1245.295751097 -772.930570099   17.297798944
 1247.062147532 -743.670505373   15.676905626
 1248.828543967 -717.731715513   13.544735016
 1250.594940402 -696.022142152   10.886080898
 1252.361336837 -679.473664777    7.710957942
 1254.127733272 -668.917022667    4.121549679
 1255.894129707 -664.915187702    0.326557086
 1257.660526143 -667.635026936   -3.444664976
 1259.426922578 -676.820084221   -6.948861541
 1261.193319013 -691.761644364   -9.908804220
 1262.959715448 -711.235349753  -12.031881837
 1264.726111883 -733.516061694  -13.040279329
 1266.492508318 -756.462098005  -12.772954643
 1268.258904753 -777.789970483  -11.212961040
 1270.025301188 -795.314412450   -8.501272697
 1271.791697623 -807.220345173   -4.899450165
 1273.558094059 -812.260067137   -0.799661087
 1275.324490494 -810.001049042    3.255377830
 1277.090886929 -801.077458760    6.646880193
 1278.857283364 -787.180419989    8.814367234
 1280.623679799 -770.755222605    9.489974457
 1282.390076234 -754.390643401    8.801900934
 1284.156472669 -740.154284919    7.153992536
 1285.922869104 -729.332243149    4.997111379
 1287.689265539 -722.537011139    2.626542897
 1289.455661974 -720.020813837    0.162933191
 1291.222058410 -721.889842180   -2.327025607
 1292.988454845 -728.057235235   -4.658503659
 1294.754851280 -737.972336833   -6.519019961
 1296.521247715 -750.484861354   -7.542229174
 1298.287644150 -763.890858448   -7.509890302
 1300.054040585 -776.313144665   -6.448902014
 1301.820437020 -786.126925397   -4.604473984
 1303.586833455 -792.238455179   -2.313044129
 1305.353229890 -794.123553091    0.137309098
 1307.119626325 -791.708132045    2.525925066
 1308.886022761 -785.300278501    4.613924743
 1310.652419196 -775.697785864    6.079505749
 1312.418815631 -764.338024304    6.542480396
 1314.185212066 -753.244625095    5.761678446
 1315.951608501 -744.592891587    3.824678596
 1317.718004936 -740.046887861    1.212399151
 1319.484401371 -740.195649130   -1.369991462
 1321.250797806 -744.388480334   -3.269717950
 1323.017194241 -751.016269006   -4.098644490
 1324.783590676 -758.060107014   -3.741367148
 1326.549987112 -763.518662107   -2.333474711
 1328.316383547 -765.748731818   -0.139992706
 1330.082779982 -763.648932950    2.510386834
 1331.849176417 -756.761890113    5.207330343
 1333.615572852 -745.404126881    7.496261811
 1335.381969287 -730.712096171    8.913397829
 1337.148365722 -714.551828900    9.116737045
 1338.914762157 -699.194595824    8.024037274
 1340.681158592 -686.752176632    5.876336599
 1342.447555027 -678.688971960    3.152506075
 1344.213951463 -675.555862743    0.374288218
 1345.980347898 -677.054286756   -2.033131393
 1347.746744333 -682.245683687   -3.762150524
 1349.513140768 -689.712996022   -4.581586885
 1351.279537203 -697.712640424   -4.351585475
 1353.045933638 -704.380952257   -3.096172091
 1354.812330073 -708.086777634   -1.048106144
 1356.578726508 -707.767401161    1.383865835
 1358.345122943 -703.152887414    3.747219143
 1360.111519378 -694.719782792    5.658876982
 1361.877915814 -683.486206609    6.900723486
 1363.644312249 -670.684974782    7.438933425
 1365.410708684 -657.496660182    7.354884614
 1367.177105119 -644.960294973    6.703398793
 1368.943501554 -634.080730424    5.465321500
 1370.709897989 -625.933484737    3.619194318
 1372.476294424 -621.514109510    1.276291121
 1374.242690859 -621.458658764   -1.260840337
 1376.009087294 -625.754509009   -3.585783779
 1377.775483729 -633.684939380   -5.310439919
 1379.541880165 -643.916684265   -6.166542499
 1381.308276600 -654.781447640   -6.013138358
 1383.074673035 -664.515686942   -4.911175417
 1384.841069470 -671.617160840   -3.073865769
 1386.607465905 -675.041028043   -0.796849100
 1388.373862340 -674.249417705    1.656490199
 1390.140258775 -669.134461921    4.067528450
 1391.906655210 -659.987285145    6.180511805
 1393.673051645 -647.580455015    7.712853638
 1395.439448080 -633.159613192    8.427698852
 1397.205844516 -618.270928613    8.239396399
 1398.972240951 -604.489463530    7.189184478
 1400.738637386 -593.256601623    5.373380642
 1402.505033821 -585.780691492    2.972011235
 1404.271430256 -582.839911308    0.300582630
 1406.037826691 -584.513298982   -2.164736779
 1407.804223126 -589.996106597   -3.940347466
 1409.570619561 -597.768136473   -4.727594884
 1411.337015996 -606.007832740   -4.490542087
 1413.103412431 -613.023366278   -3.372792256
 1414.869808867 -617.447846491   -1.585070760
 1416.636205302 -618.297724218    0.631896091
 1418.402601737 -615.082620089    2.951627064
 1420.168998172 -607.993481164    4.938654655
 1421.935394607 -598.016782319    6.166983035
 1423.701791042 -586.748121599    6.386781838
 1425.468187477 -575.946236863    5.679087422
 1427.234583912 -566.983839698    4.366298333
 1429.000980347 -560.580881551    2.835968765
 1430.767376782 -556.878373287    1.330137418
 1432.533773218 -555.775577063   -0.120416523
 1434.300169653 -557.260796546   -1.611430203
 1436.066566088 -561.478780241   -3.227642176
 1437.832962523 -568.610097779   -4.881268222
 1439.599358958 -578.508224146   -6.296417012
 1441.365755393 -590.414941406   -7.094406701
 1443.132151828 -602.926310367   -6.923716484
 1444.898548263 -614.152286088   -5.638061069
 1446.664944698 -622.175690853   -3.331288860
 1448.431341133 -625.449285031   -0.332504326
 1450.197737569 -623.169879940    2.862952419
 1451.964134004 -615.503458774    5.669464362
 1453.730530439 -603.647882530    7.523092168
 1455.496926874 -589.652388548    8.054263395
 1457.263323309 -575.929002569    7.244128579
 1459.029719744 -564.591664494    5.433696343
 1460.796116179 -556.939065558    3.162205863
 1462.562512614 -553.318951052    0.943806293
 1464.328909049 -553.300452092   -0.882639688
 1466.095305484 -555.992324446   -2.091687779
 1467.861701920 -560.152361608   -2.521437782
 1469.628098355 -564.287067662   -2.050572250
 1471.394494790 -566.819808453   -0.743311839
 1473.160891225 -566.525070989    1.082210529
 1474.927287660 -562.907093112    2.938256903
 1476.693684095 -556.311342443    4.407535684
 1478.460080530 -547.607532770    5.319916398
 1480.226476965 -537.758818287    5.726512815
 1481.992873400 -527.571853359    5.712358960
 1483.759269835 -517.777035292    5.262333200
 1485.525666271 -509.223568270    4.297619373
 1487.292062706 -502.877950346    2.758662374
 1489.058459141 -499.709213213    0.725551453
 1490.824855576 -500.423121219   -1.592638569
 1492.591252011 -505.257936352   -3.890475468
 1494.357648446 -513.865796789   -5.801434003
 1496.124044881 -525.244506132   -6.968879796
 1497.890441316 -537.804261056   -7.092380795
 1499.656837751 -549.539222541   -6.034542068
 1501.423234186 -558.415507441   -3.896303997
 1503.189630622 -562.830640940   -1.069989078
 1504.956027057 -562.078880673    1.851876581
 1506.722423492 -556.520948929    4.291145540
 1508.488819927 -547.370013316    5.882271826
 1510.255216362 -536.238497290    6.538069239
 1512.021612797 -524.725189245    6.340617956
 1513.788009232 -514.208196076    5.436754160
 1515.554405667 -505.767460879    4.022518142
 1517.320802102 -500.075443719    2.372756235
 1519.087198537 -497.278429401    0.798688450
 1520.853594973 -497.018679453   -0.481448988
 1522.619991408 -498.699511632   -1.407371208
 1524.386387843 -501.746173628   -2.045166425
 1526.152784278 -505.707356258   -2.436798687
 1527.919180713 -510.096759170   -2.502035745
 1529.685577148 -514.183404763   -2.057263653
 1531.451973583 -516.903519981   -0.937392264
 1533.218370018 -517.024439990    0.861742287
 1534.984766453 -513.511633706    3.129660600
 1536.751162888 -505.880432684    5.450562981
 1538.517559324 -494.460422964    7.338363571
 1540.283955759 -480.402445502    8.380272161
 1542.050352194 -465.432591918    8.353321445
 1543.816748629 -451.443486000    7.297650402
 1545.583145064 -440.037804213    5.491397558
 1547.349541499 -432.188949230    3.337128975
 1549.115937934 -428.160054205    1.219711646
 1550.882334369 -427.643766731   -0.601874520
 1552.648730804 -429.976850158   -1.997135640
 1554.415127239 -434.316389521   -2.855500244
 1556.181523675 -439.609423371   -3.059499483
 1557.947920110 -444.613930717   -2.513796018
 1559.714316545 -448.012819584   -1.266080379
 1561.480712980 -448.735756272    0.467215584
 1563.247109415 -446.215613351    2.357454491
 1565.013505850 -440.455467868    4.092924916
 1566.779902285 -431.928504213    5.458846038
 1568.546298720 -421.426884237    6.310124257
 1570.312695155 -409.972785806    6.517099419
 1572.079091590 -398.784005103    6.001406428
 1573.845488026 -389.129169190    4.797824908
 1575.611884461 -382.082000933    3.090742536
 1577.378280896 -378.283887845    1.172849640
 1579.144677331 -377.833097851   -0.657769144
 1580.911073766 -380.344925096   -2.150268362
 1582.677470201 -385.044949998   -3.101769436
 1584.443866636 -390.822358144   -3.335474447
 1586.210263071 -396.270145810   -2.716500697
 1587.976659506 -399.838509580   -1.218578926
 1589.743055941 -400.100691016    0.983171266
 1591.509452377 -396.103807083    3.542901601
 1593.275848812 -387.546989438    6.088907959
 1595.042245247 -374.718954541    8.346735089
 1596.808641682 -358.288619772   10.144109770
 1598.575038117 -339.203657361   11.319379227
 1600.341434552 -318.738537569   11.674624559
 1602.107830987 -298.514128858   11.021222693
 1603.874227422 -280.383860527    9.312248810
 1605.640623857 -266.093000208    6.716636042
 1607.407020293 -256.918520700    3.590750272
 1609.173416728 -253.402613873    0.385764543
 1610.939813163 -255.264307753   -2.422557554
 1612.706209598 -261.420346200   -4.410974458
 1614.472606033 -270.135094246   -5.282975029
 1616.239002468 -279.327184459   -4.958807365
 1618.005398903 -287.006231055   -3.622379555
 1619.771795338 -291.721881758   -1.677432719
 1621.538191773 -292.831175343    0.378317935
 1623.304588208 -290.528822976    2.136457333
 1625.070984644 -285.569460142    3.367687360
 1626.837381079 -278.948392448    4.020528823
 1628.603777514 -271.657203807    4.136124654
 1630.370173949 -264.603165907    3.759789566
 1632.136570384 -258.631667442    2.913315057
 1633.902966819 -254.530197257    1.656389297
 1635.669363254 -252.916550031    0.120961059
 1637.435759689 -254.102871502   -1.474979278
 1639.202156124 -257.985874722   -2.894665904
 1640.968552559 -264.060002807   -3.925588846
 1642.734948995 -271.494399301   -4.412678292
 1644.501345430 -279.236986896   -4.267805880
 1646.267741865 -286.152434946   -3.478629064
 1648.034138300 -291.163588375   -2.133942752
 1649.800534735 -293.432047234   -0.408799593
 1651.566931170 -292.484854276    1.469509496
 1653.333327605 -288.259137275    3.267961955
 1655.099724040 -281.081761147    4.782043343
 1656.866120475 -271.604144624    5.847356409
 1658.632516910 -260.733283405    6.344461053
 1660.398913346 -249.536056026    6.209985064
 1662.165309781 -239.125169051    5.466236799
 1663.931706216 -230.491866969    4.219096850
 1665.698102651 -224.369354329    2.658474832
 1667.464499086 -221.108156093    1.021169023
 1669.230895521 -220.610903475   -0.428181787
 1670.997291956 -222.305102598   -1.414057584
 1672.763688391 -225.155356332   -1.705491036
 1674.530084826 -227.804645795   -1.180177403
 1676.296481261 -228.839023977    0.093990099
 1678.062877697 -227.140957665    1.861901995
 1679.829274132 -222.144008915    3.771666096
 1681.595670567 -213.888005455    5.512059606
 1683.362067002 -202.868676562    6.872617150
 1685.128463437 -189.883311441    7.721660647
 1686.894859872 -175.938682609    7.939891350
 1688.661256307 -162.239537871    7.434469306
 1690.427652742 -150.079786207    6.206269454
 1692.194049177 -140.625710922    4.407080838
 1693.960445612 -134.650852686    2.322714795
 1695.726842048 -132.364400700    0.284309493
 1697.493238483 -133.415780975   -1.421378769
 1699.259634918 -137.035366072   -2.595463608
 1701.026031353 -142.179280750   -3.132626799
 1702.792427788 -147.667801183   -2.980616007
 1704.558824223 -152.271932305   -2.139013715
 1706.325220658 -154.834660267   -0.688775132
 1708.091617093 -154.436520009    1.175489964
 1709.858013528 -150.591092771    3.160808162
 1711.624409963 -143.369870089    4.947711272
 1713.390806399 -133.379207425    6.258474689
 1715.157202834 -121.638494290    6.907194717
 1716.923599269 -109.399121692    6.821522966
 1718.689995704  -97.935648800    6.040829102
 1720.456392139  -88.358928370    4.721963053
 1722.222788574  -81.415535498    3.102617691
 1723.989185009  -77.393521485    1.456300259
 1725.755581444  -76.125900225    0.016078781
 1727.521977879  -77.106798830   -1.073947291
 1729.288374314  -79.659973669   -1.764956019
 1731.054770750  -83.082820972   -2.059625898
 1732.821167185  -86.698518946   -1.986262716
 1734.587563620  -89.877109289   -1.567320868
 1736.353960055  -92.028307853   -0.828774791
 1738.120356490  -92.631563905    0.175494838
 1739.886752925  -91.301755100    1.339614771
 1741.653149360  -87.881997626    2.515720211
 1743.419545795  -82.491672931    3.546387256
 1745.185942230  -75.502686977    4.310475333
 1746.952338665  -67.442575300    4.755254404
 1748.718735101  -58.873861927    4.894567397
 1750.485131536  -50.296466236    4.771000345
 1752.251527971  -42.133500264    4.430689569
 1754.017924406  -34.737427174    3.910629246
 1755.784320841  -28.388309276    3.251665506
 1757.550717276  -23.279789092    2.514995041
 1759.317113711  -19.494543896    1.764249353
 1761.083510146  -17.014633466    1.044024095
 1762.849906581  -15.756201106    0.385915979
 1764.616303016  -15.576334608   -0.166720718
 1766.382699452  -16.236154196   -0.552703198
 1768.149095887  -17.385700629   -0.711633652
 1769.915492322  -18.598361954   -0.627058665
 1771.681888757  -19.473598138   -0.341655618
 1773.448285192  -19.732790293    0.054630850
 1775.214681627  -19.269170883    0.463021045
 1776.981078062  -18.132015463    0.809116142
 1778.747474497  -16.468560374    1.055114164
 1780.513870932  -14.463849885    1.196237255
 1782.280267367  -12.294124530    1.245709820
 1784.046663803  -10.105212534    1.221629440
 1785.813060238   -8.010774386    1.140492438
 1787.579456673   -6.099173153    1.016881986
 1789.345853108   -4.433582257    0.862084692
 1791.112249543   -3.058398038    0.691996761
 1792.878645978   -1.986530086    0.520547639
 1794.645042413   -1.206318820    0.364346564
 1796.411438848   -0.679650590    0.235285726
 1798.177835283   -0.352718544    0.139125187
 1799.944231718   -0.167046618    0.074448463
 1801.710628154   -0.071875400    0.035968840
 1803.477024589   -0.027725212    0.015428808
 1805.243421024   -0.009246977    0.005632889
 1807.009817459   -0.002761413    0.001843208
 1808.776213894   -0.000753120    0.000550311
 1810.542610329   -0.000000000   -0.000000000
 1812.309006764   -0.000000000   -0.000000000
 1814.075403199   -0.000000000   -0.000000000
 1815.841799634   -0.000000000   -0.000000000
 1817.608196069   -0.000000000   -0.000000000
 1819.374592505   -0.000000000   -0.000000000
 1821.140988940   -0.000000000   -0.000000000
 1822.907385375   -0.000000000   -0.000000000
 1824.673781810   -0.000000000   -0.000000000
 1826.440178245   -0.000000000   -0.000000000
 1828.206574680   -0.000000000   -0.000000000
 1829.972971115   -0.000000000   -0.000000000
 1831.739367550   -0.000000000   -0.000000000
 1833.505763985   -0.000000000   -0.000000000
 1835.272160420   -0.000000000   -0.000000000
 1837.038556856   -0.000000000   -0.000000000
 1838.804953291   -0.000000000   -0.000000000
 1840.571349726   -0.000000000   -0.000000000
 1842.337746161   -0.000000000   -0.000000000
 1844.104142596   -0.000000000   -0.000000000
 1845.870539031   -0.000000000   -0.000000000
 1847.636935466   -0.000000000   -0.000000000
 1849.403331901   -0.000000000   -0.000000000
 1851.169728336   -0.000000000   -0.000000000
 1852.936124771   -0.000000000   -0.000000000
 1854.702521207   -0.000000000   -0.000000000
 1856.468917642   -0.000000000   -0.000000000
 1858.235314077   -0.000000000   -0.000000000
 1860.001710512   -0.000000000   -0.000000000
 1861.768106947   -0.000000000   -0.000000000
 1863.534503382   -0.000000000   -0.000000000
 1865.300899817   -0.000000000   -0.000000000
 1867.067296252   -0.000000000   -0.000000000
 1868.833692687   -0.000000000   -0.000000000
 1870.600089122   -0.000000000   -0.000000000
 1872.366485558   -0.000000000   -0.000000000
 1874.132881993   -0.000000000   -0.000000000
 1875.899278428   -0.000000000   -0.000000000
 1877.665674863   -0.000000000   -0.000000000
 1879.432071298   -0.000000000   -0.000000000
 1881.198467733   -0.000000000   -0.000000000
 1882.964864168   -0.000000000   -0.000000000
 1884.731260603   -0.000000000   -0.000000000
 1886.497657038   -0.000000000   -0.000000000
 1888.264053473   -0.000000000   -0.000000000
 1890.030449909   -0.000000000   -0.000000000
 1891.796846344   -0.000000000   -0.000000000
 1893.563242779   -0.000000000   -0.000000000
 1895.329639214   -0.000000000   -0.000000000
 1897.096035649   -0.000000000   -0.000000000
 1898.862432084   -0.000000000   -0.000000000
 1900.628828519   -0.000000000   -0.000000000
 1902.395224954   -0.000000000   -0.000000000
 1904.161621389   -0.000000000   -0.000000000
 1905.928017824   -0.000000000   -0.000000000
 1907.694414260   -0.000000000   -0.000000000
 1909.460810695   -0.000000000   -0.000000000
 1911.227207130   -0.000000000   -0.000000000
 1912.993603565   -0.000000000   -0.000000000
 1914.760000000   -0.000000000   -0.000000000
